time[s];Vsg[mV];pH/ion concentration [mM]
5.40;2337.05;-3.300
10.39;2334.80;-3.260
15.37;2333.95;-3.250
20.36;2342.70;-3.400
25.34;2325.35;-3.100
30.33;2318.90;-2.980
35.31;2330.00;-3.180
40.30;2333.15;-3.230
45.28;2334.30;-3.250
50.27;2334.85;-3.260
55.26;2335.90;-3.280
60.24;2336.40;-3.290
65.18;2336.95;-3.300
70.16;2339.57;-3.348
75.14;2336.47;-3.290
80.13;2336.80;-3.300
85.11;2336.54;-3.298
90.10;2337.15;-3.304
95.08;2337.56;-3.310
100.07;2337.90;-3.318
105.06;2338.20;-3.320
110.04;2338.09;-3.320
115.03;2337.95;-3.320
120.02;2338.21;-3.320
125.00;2337.73;-3.312
130.27;2338.05;-3.320
135.26;2338.50;-3.330
140.24;2338.45;-3.330
145.23;2339.15;-3.340
150.21;2339.25;-3.340
155.20;2339.20;-3.340
160.17;2339.35;-3.340
165.11;2339.05;-3.340
170.10;2339.20;-3.340
175.09;2339.40;-3.340
180.07;2339.40;-3.340
185.05;2339.50;-3.350
190.04;2339.35;-3.340
195.03;2339.10;-3.340
200.01;2338.60;-3.330
205.60;2338.11;-3.320
210.59;2337.90;-3.320
215.57;2337.95;-3.320
220.56;2337.62;-3.310
225.54;2337.56;-3.310
230.53;2337.49;-3.310
235.51;2337.63;-3.310
240.50;2337.26;-3.310
245.49;2337.24;-3.310
250.47;2337.28;-3.310
255.46;2337.32;-3.310
260.45;2337.16;-3.302
265.43;2337.15;-3.300
270.42;2337.28;-3.308
275.40;2337.01;-3.300
280.39;2337.13;-3.300
285.02;2337.05;-3.300
290.59;2337.00;-3.300
295.57;2337.00;-3.300
300.56;2336.95;-3.300
305.55;2337.10;-3.300
310.53;2337.15;-3.300
315.52;2336.90;-3.300
320.50;2337.00;-3.300
325.49;2336.85;-3.300
330.47;2336.70;-3.300
335.46;2336.80;-3.300
340.45;2336.65;-3.300
345.43;2336.80;-3.300
350.42;2336.85;-3.300
355.40;2336.75;-3.300
360.39;2336.90;-3.300
365.37;2336.80;-3.300
370.36;2336.70;-3.300
375.35;2336.75;-3.300
380.33;2336.55;-3.290
385.32;2336.85;-3.300
390.30;2336.75;-3.300
395.29;2336.70;-3.300
400.28;2336.60;-3.300
405.26;2336.65;-3.300
410.25;2336.75;-3.300
415.23;2336.55;-3.290
420.22;2336.70;-3.300
425.20;2336.65;-3.300
430.19;2336.70;-3.300
435.18;2336.75;-3.300
440.16;2336.75;-3.300
445.15;2336.65;-3.300
450.14;2336.60;-3.300
455.12;2336.65;-3.300
460.11;2336.75;-3.300
465.09;2336.90;-3.300
470.08;2336.90;-3.300
475.07;2336.55;-3.290
480.05;2336.80;-3.300
485.04;2336.70;-3.300
490.02;2336.65;-3.300
495.01;2336.50;-3.290
500.28;2336.60;-3.300
505.27;2336.70;-3.300
510.25;2336.90;-3.300
515.24;2336.80;-3.300
520.22;2336.85;-3.300
525.18;2336.70;-3.300
530.13;2336.90;-3.300
535.11;2336.70;-3.300
540.11;2336.70;-3.300
545.09;2336.80;-3.300
550.07;2336.90;-3.300
555.06;2336.85;-3.300
560.04;2336.55;-3.290
565.04;2336.95;-3.300
570.03;2336.95;-3.300
575.01;2336.95;-3.300
580.59;2336.83;-3.300
585.59;2336.71;-3.300
590.57;2336.84;-3.300
595.55;2336.80;-3.300
600.53;2336.74;-3.300
605.52;2336.83;-3.300
610.50;2336.88;-3.300
615.50;2336.96;-3.300
620.48;2336.85;-3.300
625.47;2336.89;-3.300
630.40;2336.87;-3.300
635.39;2337.11;-3.300
640.37;2336.89;-3.300
645.35;2336.91;-3.300
650.34;2337.04;-3.300
655.33;2336.85;-3.300
660.32;2336.80;-3.300
665.30;2336.92;-3.300
670.29;2336.95;-3.300
675.27;2336.90;-3.300
680.25;2336.82;-3.300
685.24;2336.81;-3.300
690.23;2336.95;-3.300
695.22;2336.79;-3.300
700.20;2336.87;-3.300
705.18;2336.70;-3.298
710.17;2336.81;-3.300
715.15;2336.78;-3.300
720.15;2336.94;-3.300
725.14;2337.05;-3.300
730.12;2336.85;-3.300
735.11;2337.15;-3.308
740.08;2336.68;-3.294
745.30;2336.95;-3.300
750.29;2337.05;-3.300
755.28;2331.95;-3.210
760.26;2332.10;-3.220
765.25;2327.50;-3.140
770.23;2334.90;-3.270
775.22;2333.15;-3.230
780.20;2334.35;-3.260
785.19;2334.60;-3.260
790.18;2334.90;-3.270
795.16;2333.25;-3.240
800.15;2335.20;-3.270
805.14;2336.60;-3.300
810.12;2337.60;-3.310
815.05;2337.43;-3.310
820.27;2337.60;-3.310
825.22;2338.00;-3.320
830.18;2338.00;-3.320
835.16;2338.40;-3.330
840.15;2338.60;-3.330
845.14;2338.65;-3.330
850.12;2338.40;-3.330
855.10;2337.60;-3.310
860.08;2337.40;-3.310
865.07;2337.35;-3.310
870.07;2337.15;-3.300
875.05;2337.05;-3.300
880.03;2337.20;-3.310
885.02;2337.45;-3.310
890.00;2336.95;-3.300
895.27;2337.25;-3.310
900.25;2337.35;-3.310
905.24;2337.05;-3.300
910.24;2337.15;-3.300
915.22;2337.20;-3.310
920.20;2337.45;-3.310
925.18;2337.10;-3.300
930.17;2337.30;-3.310
935.15;2337.40;-3.310
940.15;2337.35;-3.310
945.13;2337.35;-3.310
950.12;2337.10;-3.300
955.10;2337.30;-3.310
960.08;2337.15;-3.300
965.07;2338.00;-3.320
970.07;2337.50;-3.310
975.05;2337.20;-3.310
980.03;2337.45;-3.310
985.02;2337.20;-3.310
990.61;2336.35;-3.290
995.59;2336.95;-3.300
1000.58;2336.75;-3.300
1005.56;2337.25;-3.310
1010.54;2337.10;-3.300
1015.54;2337.70;-3.310
1020.52;2337.10;-3.300
1025.50;2337.10;-3.300
1030.49;2337.10;-3.300
1035.47;2337.00;-3.300
1040.45;2337.15;-3.300
1045.45;2337.10;-3.300
1050.44;2337.15;-3.300
1055.42;2337.25;-3.310
1060.40;2337.20;-3.310
1065.39;2335.80;-3.280
1070.37;2337.25;-3.310
1075.37;2337.05;-3.300
1080.35;2337.15;-3.300
1085.33;2337.15;-3.300
1090.32;2337.30;-3.310
1095.30;2337.25;-3.310
1100.29;2337.25;-3.310
1105.27;2337.10;-3.300
1110.27;2337.20;-3.310
1115.25;2337.30;-3.310
1120.23;2337.40;-3.310
1125.22;2337.25;-3.310
1130.20;2337.20;-3.310
1135.18;2337.30;-3.310
1140.18;2337.30;-3.310
1145.17;2337.40;-3.310
1150.15;2337.30;-3.310
1155.13;2337.25;-3.310
1160.11;2337.30;-3.310
1165.10;2337.15;-3.300
1170.10;2337.40;-3.310
1175.08;2337.25;-3.310
1180.06;2337.50;-3.310
1185.05;2337.45;-3.310
1190.03;2337.50;-3.310
1195.01;2337.50;-3.310
1200.01;2337.35;-3.310
1205.28;2337.80;-3.320
1210.26;2337.45;-3.310
1215.24;2337.50;-3.310
1220.23;2337.35;-3.310
1225.22;2337.35;-3.310
1230.21;2337.60;-3.310
1235.19;2337.55;-3.310
1240.17;2337.40;-3.310
1245.16;2337.65;-3.310
1250.14;2337.65;-3.310
1255.13;2337.45;-3.310
1260.12;2337.55;-3.310
1265.08;2337.60;-3.310
1270.03;2337.65;-3.310
1275.01;2337.75;-3.320
1280.60;2337.63;-3.310
1285.59;2337.55;-3.310
1290.57;2334.67;-3.260
1295.56;2337.56;-3.310
1300.54;2337.60;-3.310
1305.54;2338.28;-3.322
1310.52;2337.56;-3.310
1315.51;2337.38;-3.306
1320.49;2337.91;-3.318
1325.47;2337.86;-3.316
1330.47;2337.75;-3.320
1335.46;2337.58;-3.310
1340.44;2337.66;-3.310
1345.42;2337.70;-3.310
1350.41;2337.55;-3.310
1355.39;2337.63;-3.310
1360.37;2337.62;-3.310
1365.37;2337.60;-3.310
1370.35;2337.65;-3.310
1375.34;2338.32;-3.326
1380.32;2337.69;-3.314
1385.32;2335.99;-3.284
1390.30;2337.52;-3.310
1395.28;2337.58;-3.310
1400.27;2337.33;-3.306
1405.25;2337.35;-3.310
1410.25;2337.29;-3.304
1415.18;2337.48;-3.310
1420.16;2338.32;-3.322
1425.39;2337.35;-3.310
1430.36;2341.25;-3.380
1435.35;2316.70;-2.950
1440.34;2339.60;-3.350
1445.32;2345.20;-3.450
1450.30;2333.30;-3.240
1455.29;2336.30;-3.290
1460.28;2336.75;-3.300
1465.27;2337.10;-3.300
1470.26;2336.95;-3.300
1475.24;2337.35;-3.310
1480.23;2337.30;-3.310
1485.21;2334.30;-3.250
1490.20;2335.90;-3.280
1495.19;2337.75;-3.320
1500.17;2338.85;-3.330
1505.16;2338.75;-3.330
1510.14;2338.60;-3.330
1515.13;2339.00;-3.340
1520.12;2339.20;-3.340
1525.10;2339.30;-3.340
1530.09;2339.55;-3.350
1535.08;2339.55;-3.350
1540.06;2339.10;-3.340
1545.28;2338.65;-3.330
1550.25;2338.40;-3.330
1555.23;2338.60;-3.330
1560.22;2338.95;-3.340
1565.21;2338.40;-3.330
1570.20;2338.20;-3.320
1575.15;2338.25;-3.320
1580.12;2338.00;-3.320
1585.10;2337.90;-3.320
1590.08;2337.70;-3.310
1595.07;2338.10;-3.320
1600.03;2337.95;-3.320
1605.28;2337.85;-3.320
1610.26;2338.05;-3.320
1615.24;2338.10;-3.320
1620.22;2337.70;-3.310
1625.22;2338.50;-3.330
1630.21;2338.20;-3.320
1635.14;2338.25;-3.320
1640.13;2338.05;-3.320
1645.12;2337.95;-3.320
1650.10;2338.20;-3.320
1655.09;2338.35;-3.330
1660.07;2338.05;-3.320
1665.06;2337.85;-3.320
1670.05;2338.00;-3.320
1675.03;2337.55;-3.310
1680.02;2338.40;-3.330
1685.57;2338.36;-3.324
1690.49;2338.60;-3.330
1695.43;2338.42;-3.330
1700.39;2338.44;-3.330
1705.38;2338.36;-3.330
1710.37;2338.48;-3.330
1715.35;2338.55;-3.330
1720.34;2338.29;-3.328
1725.33;2338.39;-3.330
1730.54;2338.40;-3.330
1735.52;2338.30;-3.320
1740.51;2338.40;-3.330
1745.50;2338.35;-3.330
1750.48;2338.20;-3.320
1755.47;2338.30;-3.320
1760.46;2338.50;-3.330
1765.40;2338.49;-3.330
1770.37;2338.48;-3.330
1775.36;2338.41;-3.328
1780.34;2338.19;-3.320
1785.33;2338.77;-3.336
1790.32;2338.63;-3.330
1795.26;2338.44;-3.330
1800.23;2339.09;-3.336
1805.22;2338.40;-3.324
1810.20;2338.30;-3.320
1815.19;2338.38;-3.330
1820.16;2338.27;-3.320
1825.08;2338.34;-3.328
1830.28;2338.50;-3.330
1835.25;2338.20;-3.320
1840.24;2338.35;-3.330
1845.22;2338.40;-3.330
1850.15;2337.61;-3.312
1855.14;2337.98;-3.324
1860.13;2338.00;-3.320
1865.11;2338.05;-3.320
1870.10;2338.04;-3.320
1875.09;2338.38;-3.328
1880.06;2337.92;-3.320
1885.00;2338.09;-3.320
1890.27;2337.80;-3.320
1895.26;2337.90;-3.320
1900.24;2338.10;-3.320
1905.23;2337.95;-3.320
1910.22;2337.80;-3.320
1915.20;2337.85;-3.320
1920.19;2337.95;-3.320
1925.18;2337.85;-3.320
1930.16;2337.80;-3.320
1935.15;2337.90;-3.320
1940.14;2337.80;-3.320
1945.12;2337.80;-3.320
1950.11;2337.80;-3.320
1955.09;2338.15;-3.320
1960.08;2338.05;-3.320
1965.07;2337.85;-3.320
1970.05;2337.90;-3.320
1975.04;2338.15;-3.320
1980.02;2340.95;-3.370
1985.28;2337.95;-3.320
1990.22;2337.90;-3.320
1995.21;2337.90;-3.320
2000.20;2337.85;-3.320
2005.14;2337.60;-3.310
2010.11;2337.45;-3.310
2015.10;2338.10;-3.320
2020.09;2337.70;-3.310
2025.07;2337.65;-3.310
2030.06;2337.85;-3.320
2035.05;2337.65;-3.310
2040.03;2337.95;-3.320
2045.02;2337.95;-3.320
2050.00;2338.15;-3.320
2055.59;2338.02;-3.320
2060.58;2338.00;-3.320
2065.56;2338.08;-3.320
2070.55;2337.95;-3.320
2075.53;2337.83;-3.320
2080.52;2337.94;-3.320
2085.51;2337.88;-3.320
2090.49;2337.97;-3.320
2095.48;2337.86;-3.320
2100.47;2337.95;-3.320
2105.45;2337.74;-3.318
2110.44;2337.97;-3.320
2115.43;2338.18;-3.320
2120.41;2338.00;-3.320
2125.40;2337.94;-3.320
2130.39;2337.92;-3.320
2135.37;2337.75;-3.312
2140.36;2338.03;-3.320
2145.29;2337.84;-3.320
2150.27;2337.98;-3.320
2155.26;2337.91;-3.320
2160.25;2337.91;-3.320
2165.23;2337.97;-3.320
2170.22;2337.87;-3.320
2175.21;2337.90;-3.320
2180.19;2337.71;-3.316
2185.18;2337.77;-3.320
2190.17;2337.68;-3.310
2195.15;2338.90;-3.334
2200.14;2337.70;-3.316
2205.13;2337.91;-3.316
2210.11;2337.11;-3.306
2215.10;2337.81;-3.320
2220.08;2337.89;-3.320
2225.07;2337.21;-3.308
2230.06;2337.77;-3.320
2235.04;2338.05;-3.324
2240.03;2337.80;-3.316
2245.02;2338.00;-3.316
2250.00;2338.52;-3.328
2255.27;2337.95;-3.320
2260.26;2337.85;-3.320
2265.25;2337.85;-3.320
2270.23;2338.35;-3.330
2275.17;2337.55;-3.310
2280.15;2337.80;-3.320
2285.14;2337.80;-3.320
2290.12;2337.70;-3.310
2295.11;2337.75;-3.320
2300.10;2338.00;-3.320
2305.08;2337.90;-3.320
2310.07;2338.10;-3.320
2315.05;2337.80;-3.320
2320.04;2337.80;-3.320
2325.03;2337.95;-3.320
2330.01;2338.05;-3.320
2335.28;2337.80;-3.320
2340.27;2337.95;-3.320
2345.25;2337.80;-3.320
2350.24;2338.10;-3.320
2355.23;2337.75;-3.320
2360.22;2337.75;-3.320
2365.20;2337.80;-3.320
2370.19;2337.85;-3.320
2375.17;2337.85;-3.320
2380.16;2338.00;-3.320
2385.15;2338.05;-3.320
2390.14;2337.90;-3.320
2395.12;2338.00;-3.320
2400.11;2337.95;-3.320
2405.09;2337.75;-3.320
2410.08;2338.00;-3.320
2415.07;2337.95;-3.320
2420.05;2337.85;-3.320
2425.04;2337.70;-3.310
2430.02;2338.10;-3.320
2435.01;2337.80;-3.320
2440.60;2337.60;-3.310
2445.58;2337.90;-3.320
2450.57;2338.15;-3.320
2455.56;2337.90;-3.320
2460.54;2337.95;-3.320
2465.53;2337.70;-3.310
2470.52;2338.15;-3.320
2475.50;2337.80;-3.320
2480.49;2338.10;-3.320
2485.47;2337.85;-3.320
2490.46;2337.80;-3.320
2495.45;2337.85;-3.320
2500.43;2337.95;-3.320
2505.42;2337.75;-3.320
2510.39;2338.04;-3.320
2515.34;2337.85;-3.318
2520.32;2338.04;-3.320
2525.31;2337.97;-3.320
2530.29;2337.89;-3.320
2535.28;2338.43;-3.326
2540.27;2337.99;-3.320
2545.25;2337.89;-3.320
2550.24;2337.97;-3.320
2555.23;2337.98;-3.320
2560.21;2337.94;-3.320
2565.20;2338.06;-3.320
2570.19;2337.91;-3.320
2575.17;2337.99;-3.320
2580.16;2338.12;-3.320
2585.15;2337.93;-3.320
2590.13;2338.04;-3.320
2595.12;2337.77;-3.320
2600.10;2337.90;-3.320
2605.09;2337.91;-3.320
2610.08;2338.09;-3.320
2615.06;2337.49;-3.312
2620.05;2337.83;-3.320
2625.03;2338.15;-3.320
2630.02;2337.85;-3.320
2635.01;2338.12;-3.320
2640.28;2338.05;-3.320
2645.26;2337.85;-3.320
2650.25;2338.00;-3.320
2655.24;2337.80;-3.320
2660.22;2337.70;-3.310
2665.21;2337.70;-3.310
2670.20;2337.90;-3.320
2675.18;2338.05;-3.320
2680.17;2338.15;-3.320
2685.15;2338.05;-3.320
2690.14;2338.10;-3.320
2695.12;2338.05;-3.320
2700.11;2338.30;-3.320
2705.10;2337.90;-3.320
2710.08;2338.30;-3.320
2715.01;2336.05;-3.290
2720.60;2337.87;-3.316
2725.59;2308.97;-2.812
2730.22;2346.55;-3.470
2735.18;2335.80;-3.280
2740.17;2331.35;-3.200
2745.16;2336.05;-3.290
2750.15;2336.40;-3.290
2755.13;2333.20;-3.240
2760.07;2334.45;-3.260
2765.04;2336.45;-3.290
2770.00;2337.30;-3.310
2775.56;2337.52;-3.310
2780.50;2337.97;-3.320
2785.48;2338.66;-3.330
2790.41;2338.67;-3.332
2795.40;2339.07;-3.340
2800.38;2340.04;-3.354
2805.37;2339.51;-3.348
2810.35;2339.40;-3.342
2815.34;2338.59;-3.330
2820.33;2338.62;-3.332
2825.31;2337.29;-3.306
2830.30;2338.57;-3.326
2835.28;2338.19;-3.322
2840.27;2338.30;-3.320
2845.24;2338.24;-3.320
2850.24;2338.30;-3.320
2855.23;2338.36;-3.328
2860.22;2338.35;-3.330
2865.45;2338.80;-3.330
2870.41;2338.30;-3.320
2875.40;2338.25;-3.320
2880.37;2338.29;-3.322
2885.32;2338.42;-3.330
2890.30;2338.30;-3.328
2895.29;2338.35;-3.330
2900.27;2338.43;-3.330
2905.26;2338.29;-3.320
2910.25;2338.31;-3.322
2915.23;2338.44;-3.330
2920.22;2338.54;-3.330
2925.20;2338.59;-3.330
2930.19;2338.49;-3.330
2935.12;2338.42;-3.330
2940.11;2338.61;-3.330
2945.09;2338.50;-3.330
2950.08;2338.57;-3.330
2955.06;2338.95;-3.336
2960.05;2338.72;-3.330
2965.04;2338.53;-3.330
2970.02;2338.55;-3.330
2975.01;2338.52;-3.330
2980.28;2338.80;-3.330
2985.26;2338.60;-3.330
2990.25;2338.70;-3.330
2995.24;2338.40;-3.330
3000.22;2338.70;-3.330
3005.21;2338.80;-3.330
3010.19;2338.95;-3.340
3015.18;2339.00;-3.340
3020.17;2338.40;-3.330
3025.16;2338.55;-3.330
3030.14;2338.55;-3.330
3035.13;2338.85;-3.330
3040.11;2339.50;-3.350
3045.10;2338.80;-3.330
3050.09;2338.85;-3.330
3055.07;2339.25;-3.340
3060.06;2339.20;-3.340
3065.04;2338.80;-3.330
3070.03;2338.85;-3.330
3075.02;2338.30;-3.320
3080.00;2339.20;-3.340
3085.59;2338.63;-3.328
3090.58;2338.68;-3.332
3095.56;2339.27;-3.338
3100.55;2338.89;-3.338
3105.54;2338.79;-3.332
3110.52;2338.64;-3.330
3115.51;2338.64;-3.330
3120.49;2338.84;-3.330
3125.48;2338.49;-3.330
3130.47;2338.82;-3.332
3135.45;2338.56;-3.330
3140.44;2338.74;-3.330
3145.43;2338.83;-3.330
3150.41;2338.57;-3.330
3155.40;2338.56;-3.330
3160.38;2338.24;-3.322
3165.37;2338.53;-3.332
3170.35;2338.58;-3.330
3175.34;2338.51;-3.330
3180.33;2338.64;-3.330
3185.31;2338.55;-3.330
3190.30;2338.48;-3.330
3195.29;2338.35;-3.330
3200.27;2338.41;-3.330
3205.26;2337.90;-3.322
3210.24;2338.40;-3.330
3215.23;2338.51;-3.330
3220.22;2338.50;-3.330
3225.20;2338.43;-3.330
3230.19;2338.57;-3.330
3235.18;2338.60;-3.330
3240.16;2338.36;-3.322
3245.15;2338.30;-3.320
3250.14;2338.56;-3.330
3255.12;2338.63;-3.330
3260.11;2338.44;-3.330
3265.09;2338.33;-3.322
3270.08;2338.54;-3.330
3275.07;2338.30;-3.320
3280.05;2338.21;-3.322
3285.04;2338.36;-3.330
3290.02;2338.27;-3.322
3295.01;2338.26;-3.320
3300.28;2338.20;-3.320
3305.27;2338.30;-3.320
3310.25;2338.15;-3.320
3315.24;2338.10;-3.320
3320.23;2338.30;-3.320
3325.21;2338.40;-3.330
3330.20;2338.35;-3.330
3335.18;2338.30;-3.320
3340.17;2338.30;-3.320
3345.16;2338.30;-3.320
3350.14;2338.20;-3.320
3355.08;2338.30;-3.330
3360.01;2338.23;-3.322
3365.27;2338.25;-3.320
3370.26;2338.40;-3.330
3375.24;2338.30;-3.330
3380.23;2338.35;-3.330
3385.22;2338.45;-3.330
3390.20;2338.40;-3.330
3395.19;2338.40;-3.330
3400.18;2338.35;-3.330
3405.16;2338.50;-3.330
3410.15;2338.55;-3.330
3415.14;2338.20;-3.320
3420.12;2338.35;-3.330
3425.11;2338.45;-3.330
3430.09;2338.55;-3.330
3435.08;2338.35;-3.330
3440.07;2338.40;-3.330
3445.05;2338.50;-3.330
3450.04;2338.45;-3.330
3455.03;2338.40;-3.330
3460.01;2338.45;-3.330
3465.60;2338.44;-3.330
3470.59;2338.61;-3.330
3475.57;2338.51;-3.330
3480.56;2338.70;-3.330
3485.54;2338.59;-3.330
3490.53;2338.68;-3.330
3495.52;2338.59;-3.330
3500.50;2338.63;-3.330
3505.49;2338.68;-3.330
3510.48;2338.59;-3.330
3515.46;2338.57;-3.330
3520.45;2338.68;-3.330
3525.43;2338.59;-3.330
3530.42;2338.50;-3.330
3535.41;2338.65;-3.330
3540.39;2338.56;-3.330
3545.38;2338.50;-3.330
3550.37;2338.57;-3.330
3555.35;2338.51;-3.330
3560.34;2338.63;-3.330
3565.32;2338.67;-3.330
3570.31;2338.64;-3.330
3575.30;2338.58;-3.330
3580.28;2338.52;-3.330
3585.27;2338.79;-3.336
3590.25;2338.66;-3.330
3595.24;2338.54;-3.330
3600.23;2338.56;-3.330
3605.21;2338.60;-3.330
3610.20;2338.58;-3.330
3615.19;2338.56;-3.330
3620.17;2338.45;-3.332
3625.10;2338.51;-3.330
3630.09;2338.65;-3.330
3635.08;2338.65;-3.330
3640.06;2338.68;-3.330
3645.05;2338.74;-3.330
3650.03;2338.78;-3.330
3655.02;2338.72;-3.330
3660.01;2338.70;-3.330
3665.27;2338.70;-3.330
3670.26;2338.75;-3.330
3675.25;2338.55;-3.330
3680.24;2338.60;-3.330
3685.22;2338.80;-3.330
3690.21;2338.60;-3.330
3695.20;2338.70;-3.330
3700.18;2338.35;-3.330
3705.17;2339.05;-3.340
3710.15;2338.80;-3.330
3715.14;2338.35;-3.330
3720.13;2338.65;-3.330
3725.11;2338.85;-3.340
3730.10;2338.75;-3.330
3735.08;2338.65;-3.330
3740.07;2338.85;-3.340
3745.00;2338.85;-3.340
3750.27;2248.80;-1.760
3755.25;2339.05;-3.340
3760.24;2334.90;-3.270
3765.23;2322.30;-3.050
3770.22;2334.65;-3.260
3775.20;2336.25;-3.290
3780.19;2334.00;-3.250
3785.18;2335.85;-3.280
3790.13;2336.35;-3.290
3795.09;2337.05;-3.300
3800.04;2336.85;-3.300
3805.00;2337.25;-3.310
3810.59;2337.54;-3.312
3815.58;2337.76;-3.320
3820.24;2334.05;-3.250
3825.18;2335.95;-3.280
3830.17;2337.30;-3.310
3835.15;2338.65;-3.330
3840.09;2338.35;-3.330
3845.07;2338.45;-3.330
3850.02;2338.45;-3.330
3855.58;2337.40;-3.314
3860.57;2338.01;-3.320
3865.55;2337.89;-3.316
3870.54;2338.14;-3.324
3875.53;2338.68;-3.330
3880.51;2338.66;-3.334
3885.50;2339.01;-3.340
3890.49;2338.62;-3.330
3895.47;2338.98;-3.340
3900.46;2339.23;-3.340
3905.44;2339.56;-3.350
3910.43;2339.73;-3.350
3915.42;2340.02;-3.356
3920.40;2340.17;-3.360
3925.39;2340.39;-3.360
3930.38;2340.04;-3.360
3935.36;2340.13;-3.360
3940.35;2340.36;-3.360
3945.33;2340.55;-3.366
3950.32;2340.39;-3.360
3955.31;2340.43;-3.366
3960.29;2340.50;-3.360
3965.28;2339.94;-3.354
3970.27;2339.66;-3.350
3975.25;2339.42;-3.346
3980.24;2339.29;-3.340
3985.23;2339.30;-3.340
3990.21;2339.25;-3.340
3995.20;2339.36;-3.340
4000.18;2339.17;-3.340
4005.17;2339.21;-3.340
4010.16;2339.05;-3.340
4015.14;2339.14;-3.340
4020.13;2339.11;-3.340
4025.11;2339.15;-3.340
4030.10;2339.00;-3.340
4035.09;2338.99;-3.340
4040.07;2339.12;-3.340
4045.06;2339.10;-3.340
4050.05;2339.07;-3.340
4055.02;2339.04;-3.340
4060.02;2338.87;-3.340
4065.00;2339.04;-3.340
4070.27;2339.10;-3.340
4075.26;2339.10;-3.340
4080.25;2339.05;-3.340
4085.23;2339.05;-3.340
4090.22;2339.15;-3.340
4095.21;2339.10;-3.340
4100.19;2339.15;-3.340
4105.18;2339.10;-3.340
4110.16;2339.25;-3.340
4115.15;2339.00;-3.340
4120.13;2339.20;-3.340
4125.12;2339.15;-3.340
4130.11;2339.30;-3.340
4135.09;2339.10;-3.340
4140.08;2339.10;-3.340
4145.06;2339.35;-3.340
4150.05;2339.20;-3.340
4155.04;2339.20;-3.340
4160.02;2339.10;-3.340
4165.01;2339.10;-3.340
4170.60;2339.17;-3.340
4175.58;2339.22;-3.340
4180.57;2339.21;-3.340
4185.56;2339.20;-3.340
4190.54;2339.22;-3.340
4195.53;2339.30;-3.340
4200.52;2339.48;-3.350
4205.50;2339.37;-3.340
4210.49;2339.49;-3.350
4215.47;2339.63;-3.348
4220.46;2339.48;-3.348
4225.44;2339.49;-3.350
4230.43;2339.50;-3.350
4235.42;2339.54;-3.350
4240.40;2339.58;-3.350
4245.39;2339.62;-3.350
4250.38;2339.43;-3.342
4255.36;2339.61;-3.350
4260.02;2339.60;-3.350
4265.56;2339.75;-3.350
4270.55;2339.75;-3.350
4275.53;2339.85;-3.350
4280.52;2339.65;-3.350
4285.51;2340.05;-3.360
4290.49;2340.05;-3.360
4295.42;2340.09;-3.360
4300.41;2340.21;-3.360
4305.40;2340.29;-3.360
4310.38;2340.18;-3.360
4315.37;2340.27;-3.360
4320.35;2340.33;-3.360
4325.34;2340.24;-3.360
4330.33;2340.59;-3.368
4335.31;2340.34;-3.360
4340.30;2340.58;-3.368
4345.29;2340.49;-3.362
4350.27;2340.57;-3.368
4355.26;2340.39;-3.360
4360.24;2340.47;-3.360
4365.23;2340.46;-3.360
4370.21;2340.34;-3.360
4375.20;2340.34;-3.360
4380.19;2340.32;-3.360
4385.18;2340.08;-3.360
4390.16;2340.10;-3.360
4395.15;2340.06;-3.360
4400.13;2340.19;-3.360
4405.12;2340.00;-3.360
4410.11;2339.86;-3.352
4415.09;2340.05;-3.360
4420.08;2339.89;-3.352
4425.01;2339.84;-3.350
4430.28;2339.85;-3.350
4435.27;2340.15;-3.360
4440.25;2339.80;-3.350
4445.24;2339.75;-3.350
4450.23;2339.95;-3.350
4455.21;2339.85;-3.350
4460.20;2339.85;-3.350
4465.18;2339.90;-3.350
4470.17;2339.75;-3.350
4475.15;2339.75;-3.350
4480.14;2339.80;-3.350
4485.13;2339.95;-3.350
4490.11;2340.00;-3.360
4495.10;2340.10;-3.360
4500.08;2340.25;-3.360
4505.07;2340.20;-3.360
4510.06;2340.10;-3.360
4515.04;2340.00;-3.360
4520.03;2339.85;-3.350
4525.02;2340.10;-3.360
4530.60;2340.03;-3.358
4535.59;2340.14;-3.360
4540.58;2339.91;-3.350
4545.56;2339.93;-3.350
4550.55;2340.01;-3.358
4555.53;2340.02;-3.360
4560.52;2340.06;-3.360
4565.50;2340.14;-3.360
4570.49;2340.25;-3.360
4575.48;2340.37;-3.360
4580.46;2340.19;-3.360
4585.45;2340.12;-3.360
4590.44;2340.30;-3.360
4595.42;2340.36;-3.360
4600.41;2340.02;-3.360
4605.40;2340.24;-3.360
4610.38;2340.16;-3.360
4615.37;2340.13;-3.360
4620.36;2340.05;-3.360
4625.34;2340.14;-3.360
4630.33;2340.21;-3.360
4635.32;2340.14;-3.360
4640.30;2340.11;-3.360
4645.29;2340.12;-3.360
4650.28;2340.04;-3.360
4655.26;2340.24;-3.360
4660.25;2340.10;-3.360
4665.23;2340.14;-3.360
4670.22;2340.10;-3.360
4675.21;2339.95;-3.350
4680.19;2340.13;-3.360
4685.18;2340.32;-3.360
4690.17;2340.20;-3.360
4695.15;2340.11;-3.360
4700.14;2340.24;-3.360
4705.13;2340.20;-3.360
4710.11;2340.07;-3.360
4715.10;2340.11;-3.360
4720.09;2340.25;-3.360
4725.07;2340.24;-3.360
4730.06;2340.31;-3.360
4735.04;2340.23;-3.360
4740.03;2340.31;-3.360
4745.02;2340.19;-3.360
4750.00;2340.25;-3.360
4755.27;2340.35;-3.360
4760.26;2340.10;-3.360
4765.25;2340.20;-3.360
4770.23;2340.10;-3.360
4775.22;2340.15;-3.360
4780.20;2340.20;-3.360
4785.19;2340.25;-3.360
4790.18;2340.05;-3.360
4795.16;2340.15;-3.360
4800.15;2340.30;-3.360
4805.14;2340.20;-3.360
4810.12;2340.20;-3.360
4815.11;2340.30;-3.360
4820.10;2340.35;-3.360
4825.08;2340.10;-3.360
4830.07;2340.20;-3.360
4835.06;2340.15;-3.360
4840.27;2340.15;-3.360
4845.20;2340.40;-3.360
4850.18;2340.25;-3.360
4855.17;2340.45;-3.360
4860.16;2340.20;-3.360
4865.14;2340.20;-3.360
4870.13;2340.20;-3.360
4875.11;2340.10;-3.360
4880.10;2340.00;-3.360
4885.09;2340.15;-3.360
4890.07;2340.15;-3.360
4895.06;2340.25;-3.360
4900.05;2340.25;-3.360
4905.03;2340.20;-3.360
4910.02;2339.90;-3.350
4915.00;2340.05;-3.360
4920.59;2340.15;-3.360
4925.58;2339.98;-3.356
4930.56;2340.11;-3.360
4935.55;2340.14;-3.360
4940.53;2340.12;-3.360
4945.52;2339.98;-3.356
4950.51;2340.15;-3.360
4955.49;2340.09;-3.360
4960.48;2340.00;-3.360
4965.47;2340.09;-3.360
4970.45;2340.00;-3.360
4975.44;2340.20;-3.360
4980.43;2340.13;-3.360
4985.41;2340.07;-3.360
4990.40;2340.19;-3.360
4995.38;2340.13;-3.360
5000.37;2339.99;-3.354
5005.36;2340.08;-3.360
5010.34;2340.02;-3.356
5015.33;2340.14;-3.360
5020.31;2340.04;-3.354
5025.30;2340.07;-3.360
5030.29;2340.11;-3.356
5035.27;2340.07;-3.360
5040.26;2340.21;-3.360
5045.25;2340.13;-3.360
5050.23;2339.95;-3.350
5055.22;2340.12;-3.360
5060.21;2340.07;-3.360
5065.19;2340.03;-3.360
5070.18;2339.97;-3.354
5075.16;2340.09;-3.360
5080.15;2340.04;-3.360
5085.14;2339.90;-3.350
5090.13;2339.90;-3.350
5095.11;2339.94;-3.354
5100.10;2339.92;-3.350
5105.08;2340.00;-3.360
5110.07;2339.89;-3.356
5115.06;2339.91;-3.350
5120.04;2339.84;-3.350
5125.03;2340.04;-3.360
5130.02;2339.80;-3.350
5135.00;2339.99;-3.356
5140.27;2340.00;-3.360
5145.26;2340.00;-3.360
5150.24;2340.05;-3.360
5155.23;2339.95;-3.350
5160.21;2340.05;-3.360
5165.16;2340.10;-3.360
5170.13;2340.10;-3.360
5175.12;2339.80;-3.350
5180.11;2339.95;-3.350
5185.09;2340.05;-3.360
5190.08;2340.05;-3.360
5195.06;2340.15;-3.360
5200.05;2340.20;-3.360
5205.04;2340.10;-3.360
5210.02;2339.95;-3.350
5215.01;2340.10;-3.360
5220.28;2340.10;-3.360
5225.26;2340.20;-3.360
5230.25;2340.30;-3.360
5235.23;2340.35;-3.360
5240.22;2339.95;-3.350
5245.21;2340.10;-3.360
5250.19;2340.15;-3.360
5255.18;2340.20;-3.360
5260.17;2340.10;-3.360
5265.15;2340.10;-3.360
5270.14;2340.35;-3.360
5275.13;2340.25;-3.360
5280.11;2340.20;-3.360
5285.10;2340.20;-3.360
5290.08;2340.10;-3.360
5295.07;2340.25;-3.360
5300.06;2340.15;-3.360
5305.04;2340.00;-3.360
5310.03;2340.20;-3.360
5315.01;2340.15;-3.360
5320.00;2340.45;-3.360
5325.59;2340.11;-3.360
5330.57;2340.02;-3.360
5335.56;2340.19;-3.360
5340.54;2340.14;-3.360
5345.53;2340.30;-3.360
5350.52;2340.24;-3.360
5355.50;2340.11;-3.360
5360.49;2340.14;-3.360
5365.48;2340.08;-3.358
5370.46;2339.93;-3.352
5375.45;2340.12;-3.360
5380.44;2340.05;-3.360
5385.42;2340.01;-3.360
5390.41;2340.46;-3.368
5395.39;2340.11;-3.360
5400.38;2340.26;-3.360
5405.36;2340.09;-3.360
5410.35;2340.13;-3.360
5415.34;2339.92;-3.352
5420.32;2340.47;-3.360
5425.31;2340.23;-3.360
5430.30;2340.33;-3.360
5435.28;2340.18;-3.360
5440.22;2340.38;-3.360
5445.20;2340.45;-3.364
5450.18;2340.33;-3.360
5455.17;2340.23;-3.360
5460.16;2340.29;-3.360
5465.14;2340.17;-3.360
5470.13;2340.15;-3.360
5475.12;2340.22;-3.360
5480.10;2340.19;-3.360
5485.09;2340.20;-3.360
5490.07;2340.15;-3.360
5495.06;2340.43;-3.360
5500.05;2340.35;-3.366
5505.03;2339.95;-3.350
5510.02;2340.03;-3.360
5515.00;2340.11;-3.360
5520.27;2340.00;-3.360
5525.26;2340.15;-3.360
5530.24;2340.10;-3.360
5535.23;2340.05;-3.360
5540.22;2340.10;-3.360
5545.20;2340.05;-3.360
5550.19;2339.95;-3.350
5555.18;2340.25;-3.360
5560.16;2340.00;-3.360
5565.15;2340.05;-3.360
5570.13;2339.75;-3.350
5575.12;2339.95;-3.350
5580.11;2340.05;-3.360
5585.09;2340.15;-3.360
5590.08;2340.20;-3.360
5595.06;2340.05;-3.360
5600.05;2340.20;-3.360
5605.04;2340.10;-3.360
5610.02;2340.25;-3.360
5615.01;2340.15;-3.360
5620.60;2340.21;-3.360
5625.58;2340.17;-3.360
5630.57;2340.12;-3.360
5635.55;2340.20;-3.360
5640.54;2339.95;-3.350
5645.53;2340.18;-3.360
5650.51;2340.19;-3.360
5655.50;2340.27;-3.360
5660.48;2340.24;-3.360
5665.47;2340.02;-3.360
5670.46;2340.07;-3.360
5675.44;2340.13;-3.360
5680.43;2340.05;-3.360
5685.41;2340.12;-3.360
5690.40;2340.12;-3.360
5695.38;2340.09;-3.360
5700.37;2340.16;-3.360
5705.36;2340.08;-3.360
5710.34;2340.09;-3.360
5715.33;2340.04;-3.360
5720.32;2340.04;-3.360
5725.30;2340.02;-3.360
5730.29;2340.04;-3.360
5735.27;2339.94;-3.350
5740.26;2339.93;-3.352
5745.25;2340.01;-3.360
5750.23;2339.77;-3.352
5755.22;2340.06;-3.360
5760.20;2339.98;-3.352
5765.19;2340.12;-3.360
5770.17;2340.07;-3.360
5775.16;2339.99;-3.358
5780.15;2340.08;-3.358
5785.13;2340.03;-3.360
5790.12;2340.06;-3.360
5795.10;2340.15;-3.360
5800.09;2340.03;-3.358
5805.08;2340.08;-3.360
5810.06;2340.04;-3.360
5815.05;2340.03;-3.360
5820.03;2340.11;-3.360
5825.02;2340.07;-3.358
5830.00;2340.07;-3.358
5835.27;2340.00;-3.360
5840.26;2340.20;-3.360
5845.24;2340.10;-3.360
5850.18;2340.05;-3.360
5855.16;2340.25;-3.360
5860.14;2340.25;-3.360
5865.13;2340.05;-3.360
5870.11;2340.00;-3.360
5875.10;2340.20;-3.360
5880.08;2340.20;-3.360
5885.07;2340.15;-3.360
5890.06;2340.15;-3.360
5895.04;2340.10;-3.360
5900.03;2339.95;-3.350
5905.01;2340.05;-3.360
5910.00;2340.15;-3.360
5915.27;2340.05;-3.360
5920.26;2340.10;-3.360
5925.24;2339.95;-3.350
5930.23;2340.20;-3.360
5935.22;2339.90;-3.350
5940.20;2340.05;-3.360
5945.18;2340.10;-3.360
5950.17;2340.10;-3.360
5955.15;2340.00;-3.360
5960.14;2340.10;-3.360
5965.13;2340.10;-3.360
5970.06;2339.95;-3.350
5975.04;2340.05;-3.360
5980.03;2339.90;-3.350
5985.01;2340.00;-3.360
5990.60;2339.92;-3.356
5995.58;2340.02;-3.360
6000.57;2340.02;-3.356
6005.56;2339.89;-3.350
6010.54;2340.00;-3.356
6015.53;2339.98;-3.356
6020.51;2339.95;-3.354
6025.50;2339.81;-3.350
6030.48;2339.98;-3.356
6035.47;2339.98;-3.356
6040.46;2340.07;-3.360
6045.44;2339.79;-3.350
6050.43;2340.08;-3.360
6055.41;2339.96;-3.354
6060.40;2340.04;-3.360
6065.35;2339.99;-3.358
6070.31;2340.01;-3.360
6075.30;2339.90;-3.350
6080.28;2339.99;-3.358
6085.27;2339.84;-3.352
6090.26;2340.03;-3.358
6095.24;2340.09;-3.360
6100.23;2340.00;-3.360
6105.21;2339.86;-3.350
6110.20;2340.01;-3.360
6115.19;2339.91;-3.350
6120.17;2339.90;-3.350
6125.16;2340.11;-3.358
6130.14;2339.95;-3.350
6135.13;2339.94;-3.350
6140.11;2339.93;-3.350
6145.10;2339.90;-3.350
6150.09;2340.04;-3.360
6155.07;2339.90;-3.350
6160.06;2339.84;-3.352
6165.04;2339.92;-3.352
6170.03;2339.82;-3.350
6175.02;2339.87;-3.350
6180.28;2340.00;-3.360
6185.27;2339.90;-3.350
6190.25;2340.10;-3.360
6195.24;2339.85;-3.350
6200.23;2339.90;-3.350
6205.21;2339.85;-3.350
6210.20;2339.90;-3.350
6215.18;2340.05;-3.360
6220.17;2339.95;-3.350
6225.15;2340.00;-3.360
6230.14;2339.90;-3.350
6235.12;2340.20;-3.360
6240.11;2339.85;-3.350
6245.10;2339.60;-3.350
6250.08;2339.75;-3.350
6255.07;2339.75;-3.350
6260.05;2339.45;-3.350
6265.04;2339.55;-3.350
6270.02;2339.55;-3.350
6275.01;2339.70;-3.350
6280.28;2339.70;-3.350
6285.26;2340.05;-3.360
6290.25;2339.95;-3.350
6295.23;2340.05;-3.360
6300.22;2340.05;-3.360
6305.21;2339.90;-3.350
6310.19;2340.15;-3.360
6315.18;2340.05;-3.360
6320.17;2339.90;-3.350
6325.15;2340.05;-3.360
6330.14;2340.05;-3.360
6335.13;2339.85;-3.350
6340.11;2340.00;-3.360
6345.10;2339.95;-3.350
6350.08;2339.90;-3.350
6355.07;2340.10;-3.360
6360.05;2339.95;-3.350
6365.04;2339.85;-3.350
6370.02;2339.90;-3.350
6375.01;2339.90;-3.350
6380.60;2339.92;-3.352
6385.58;2339.82;-3.350
6390.57;2340.12;-3.360
6395.55;2339.89;-3.350
6400.54;2340.06;-3.360
6405.52;2340.14;-3.360
6410.51;2340.09;-3.360
6415.50;2340.17;-3.360
6420.48;2340.08;-3.360
6425.47;2339.97;-3.352
6430.45;2340.08;-3.360
6435.44;2340.10;-3.360
6440.42;2340.25;-3.360
6445.41;2340.15;-3.360
6450.40;2340.14;-3.358
6455.38;2340.07;-3.360
6460.37;2340.17;-3.360
6465.35;2340.11;-3.360
6470.34;2340.03;-3.360
6475.32;2340.11;-3.360
6480.31;2340.26;-3.360
6485.29;2340.22;-3.360
6490.28;2340.08;-3.360
6495.27;2340.13;-3.360
6500.25;2340.07;-3.360
6505.24;2340.18;-3.360
6510.22;2340.15;-3.360
6515.21;2340.07;-3.358
6520.19;2340.10;-3.360
6525.18;2340.12;-3.360
6530.17;2339.98;-3.358
6535.15;2340.00;-3.360
6540.14;2340.11;-3.358
6545.12;2340.04;-3.360
6550.11;2340.05;-3.360
6555.10;2339.95;-3.350
6560.08;2340.09;-3.360
6565.07;2339.94;-3.350
6570.06;2339.83;-3.350
6575.04;2339.88;-3.352
6580.03;2339.89;-3.350
6585.01;2339.90;-3.350
6590.28;2339.85;-3.350
6595.27;2339.70;-3.350
6600.25;2339.90;-3.350
6605.24;2339.90;-3.350
6610.23;2340.05;-3.360
6615.21;2339.80;-3.350
6620.20;2339.75;-3.350
6625.18;2340.00;-3.360
6630.17;2339.60;-3.350
6635.15;2339.75;-3.350
6640.14;2339.85;-3.350
6645.13;2339.70;-3.350
6650.11;2340.05;-3.360
6655.10;2339.80;-3.350
6660.08;2339.80;-3.350
6665.07;2339.70;-3.350
6670.05;2339.65;-3.350
6675.04;2339.55;-3.350
6680.03;2339.75;-3.350
6685.01;2339.65;-3.350
6690.60;2339.84;-3.350
6695.58;2339.71;-3.350
6700.57;2339.73;-3.350
6705.56;2339.52;-3.350
6710.54;2339.59;-3.350
6715.53;2339.55;-3.350
6720.51;2339.67;-3.350
6725.50;2339.63;-3.350
6730.48;2339.57;-3.350
6735.41;2339.62;-3.350
6740.40;2339.72;-3.350
6745.38;2339.71;-3.350
6750.37;2339.65;-3.350
6755.35;2339.64;-3.350
6760.34;2339.70;-3.350
6765.33;2339.64;-3.350
6770.31;2339.96;-3.358
6775.30;2339.56;-3.350
6780.28;2339.59;-3.350
6785.27;2339.71;-3.350
6790.26;2339.78;-3.350
6795.24;2339.74;-3.350
6800.23;2339.86;-3.350
6805.21;2339.62;-3.350
6810.20;2339.72;-3.350
6815.18;2339.78;-3.350
6820.17;2339.58;-3.350
6825.15;2339.82;-3.350
6830.14;2339.82;-3.350
6835.13;2339.86;-3.350
6840.11;2339.62;-3.350
6845.10;2339.76;-3.350
6850.08;2339.74;-3.350
6855.07;2339.74;-3.350
6860.05;2339.82;-3.350
6865.04;2339.79;-3.350
6870.02;2339.74;-3.350
6875.01;2339.80;-3.350
6880.28;2340.10;-3.360
6885.26;2339.95;-3.350
6890.25;2339.95;-3.350
6895.23;2339.90;-3.350
6900.22;2340.15;-3.360
6905.21;2340.15;-3.360
6910.19;2340.05;-3.360
6915.18;2339.95;-3.360
6920.16;2339.80;-3.350
6925.15;2340.00;-3.360
6930.13;2340.00;-3.360
6935.12;2340.35;-3.360
6940.10;2340.05;-3.360
6945.09;2339.95;-3.360
6950.08;2340.05;-3.360
6955.06;2339.85;-3.350
6960.05;2339.90;-3.350
6965.03;2339.85;-3.350
6970.02;2340.20;-3.360
6975.00;2339.75;-3.350
6980.27;2339.95;-3.360
6985.26;2339.65;-3.350
6990.25;2339.95;-3.360
6995.23;2339.95;-3.360
7000.21;2339.80;-3.350
7005.20;2339.75;-3.350
7010.19;2339.85;-3.350
7015.17;2339.60;-3.350
7020.16;2339.50;-3.350
7025.13;2340.05;-3.360
7030.07;2339.70;-3.350
7035.06;2339.70;-3.350
7040.04;2339.45;-3.350
7045.03;2339.35;-3.350
7050.02;2339.75;-3.350
7055.00;2339.50;-3.350
7060.59;2339.53;-3.350
7065.57;2339.68;-3.350
7070.56;2339.68;-3.350
7075.54;2339.50;-3.346
7080.53;2339.53;-3.350
7085.52;2339.38;-3.344
7090.50;2339.09;-3.340
7095.49;2339.02;-3.340
7100.47;2339.08;-3.340
7105.46;2339.15;-3.340
7110.44;2339.10;-3.340
7115.43;2339.23;-3.344
7120.42;2339.37;-3.350
7125.40;2339.30;-3.340
7130.39;2339.36;-3.346
7135.37;2339.34;-3.344
7140.36;2339.48;-3.346
7145.35;2339.09;-3.344
7150.33;2339.59;-3.350
7155.32;2339.53;-3.350
7160.30;2339.46;-3.350
7165.29;2339.39;-3.346
7170.28;2339.41;-3.350
7175.26;2339.59;-3.350
7180.25;2339.35;-3.344
7185.23;2339.33;-3.344
7190.22;2339.16;-3.340
7195.21;2338.85;-3.334
7200.19;2339.12;-3.340
7205.18;2339.22;-3.340
7210.16;2339.28;-3.340
7215.15;2339.29;-3.346
7220.14;2339.35;-3.344
7225.12;2339.52;-3.350
7230.11;2339.36;-3.344
7235.09;2339.14;-3.340
7240.08;2339.44;-3.344
7245.06;2339.50;-3.350
7250.05;2339.51;-3.350
7255.04;2339.51;-3.350
7260.02;2339.59;-3.350
7265.01;2339.50;-3.350
7270.28;2339.45;-3.350
7275.26;2339.45;-3.350
7280.25;2339.40;-3.350
7285.23;2339.55;-3.350
7290.22;2339.50;-3.350
7295.21;2339.40;-3.350
7300.19;2339.55;-3.350
7305.18;2339.70;-3.350
7310.16;2339.35;-3.350
7315.15;2339.60;-3.350
7320.13;2339.50;-3.350
7325.12;2339.75;-3.350
7330.10;2339.65;-3.350
7335.09;2339.65;-3.350
7340.08;2339.45;-3.350
7345.06;2339.55;-3.350
7350.05;2339.65;-3.350
7355.03;2339.60;-3.350
7360.02;2339.65;-3.350
7365.00;2339.65;-3.350
7370.59;2339.58;-3.350
7375.58;2339.67;-3.350
7380.56;2339.42;-3.350
7385.55;2339.56;-3.350
7390.54;2339.69;-3.350
7395.52;2339.67;-3.350
7400.51;2339.60;-3.350
7405.49;2339.73;-3.350
7410.48;2339.69;-3.350
7415.46;2339.73;-3.350
7420.45;2339.77;-3.350
7425.44;2339.58;-3.350
7430.10;2339.55;-3.350
7435.03;2339.55;-3.350
7440.02;2339.45;-3.350
7445.01;2339.45;-3.350
7450.59;2339.80;-3.350
7455.58;2339.80;-3.350
7460.57;2339.65;-3.350
7465.55;2339.60;-3.350
7470.54;2339.70;-3.350
7475.52;2339.55;-3.350
7480.51;2339.50;-3.350
7485.50;2339.65;-3.350
7490.48;2339.45;-3.350
7495.47;2339.65;-3.350
7500.45;2339.60;-3.350
7505.44;2339.45;-3.350
7510.43;2339.35;-3.350
7515.41;2339.50;-3.350
7520.40;2339.45;-3.350
7525.38;2339.50;-3.350
7530.37;2339.55;-3.350
7535.36;2339.40;-3.350
7540.34;2339.55;-3.350
7545.33;2339.55;-3.350
7550.32;2339.40;-3.350
7555.30;2339.50;-3.350
7560.29;2339.40;-3.350
7565.27;2339.35;-3.350
7570.26;2339.45;-3.350
7575.25;2339.50;-3.350
7580.24;2339.20;-3.340
7585.22;2339.35;-3.350
7590.21;2339.20;-3.340
7595.19;2339.30;-3.340
7600.18;2339.35;-3.350
7605.17;2339.35;-3.350
7610.15;2339.40;-3.350
7615.14;2339.35;-3.350
7620.12;2339.45;-3.350
7625.11;2339.35;-3.350
7630.10;2339.25;-3.340
7635.08;2339.40;-3.350
7640.07;2339.40;-3.350
7645.06;2339.35;-3.350
7650.04;2339.50;-3.350
7655.03;2339.35;-3.350
7660.01;2339.30;-3.340
7665.00;2339.40;-3.350
7670.27;2339.50;-3.350
7675.26;2339.45;-3.350
7680.24;2339.50;-3.350
7685.23;2339.30;-3.340
7690.22;2339.40;-3.350
7695.20;2339.30;-3.340
7700.19;2339.40;-3.350
7705.17;2339.50;-3.350
7710.17;2339.45;-3.350
7715.15;2339.25;-3.340
7720.13;2339.25;-3.340
7725.12;2339.35;-3.350
7730.10;2339.20;-3.340
7735.09;2339.20;-3.340
7740.08;2339.20;-3.340
7745.06;2339.30;-3.340
7750.05;2339.10;-3.340
7755.03;2339.00;-3.340
7760.02;2339.15;-3.340
7765.01;2339.10;-3.340
7770.60;2339.16;-3.340
7775.58;2338.95;-3.340
7780.57;2339.14;-3.344
7785.55;2339.02;-3.340
7790.54;2338.97;-3.340
7795.53;2338.87;-3.340
7800.51;2339.16;-3.340
7805.50;2339.01;-3.340
7810.49;2339.04;-3.340
7815.47;2338.97;-3.340
7820.46;2339.11;-3.340
7825.44;2339.02;-3.340
7830.43;2339.13;-3.340
7835.42;2339.08;-3.340
7840.40;2339.10;-3.340
7845.39;2339.16;-3.340
7850.38;2338.91;-3.340
7855.36;2339.08;-3.340
7860.35;2339.08;-3.340
7865.33;2339.08;-3.340
7870.32;2338.98;-3.340
7875.31;2339.15;-3.340
7880.29;2339.01;-3.340
7885.28;2339.10;-3.340
7890.27;2339.01;-3.340
7895.25;2339.00;-3.340
7900.24;2338.99;-3.340
7905.22;2339.10;-3.340
7910.21;2339.04;-3.340
7915.19;2339.18;-3.340
7920.18;2338.90;-3.340
7925.17;2338.84;-3.340
7930.15;2339.06;-3.340
7935.14;2338.97;-3.340
7940.13;2339.06;-3.340
7945.11;2339.04;-3.340
7950.10;2338.92;-3.340
7955.08;2339.09;-3.340
7960.07;2339.03;-3.340
7965.06;2339.02;-3.340
7970.04;2339.09;-3.340
7975.03;2339.21;-3.340
7980.02;2339.19;-3.340
7985.00;2339.09;-3.340
7990.27;2339.30;-3.340
7995.25;2339.25;-3.340
8000.24;2339.05;-3.340
8005.23;2339.25;-3.340
8010.21;2339.20;-3.340
8015.20;2339.35;-3.350
8020.19;2339.20;-3.340
8025.17;2339.35;-3.350
8030.16;2339.30;-3.340
8035.15;2339.35;-3.350
8040.13;2339.35;-3.350
8045.12;2339.35;-3.350
8050.10;2339.35;-3.350
8055.09;2339.55;-3.350
8060.08;2339.40;-3.350
8065.06;2339.65;-3.350
8070.05;2339.35;-3.350
8075.04;2339.70;-3.350
8080.02;2339.45;-3.350
8085.01;2339.40;-3.350
8090.60;2339.69;-3.350
8095.58;2339.65;-3.350
8100.57;2339.75;-3.350
8105.55;2339.69;-3.350
8110.54;2339.59;-3.350
8115.53;2339.89;-3.350
8120.51;2339.67;-3.350
8125.50;2339.61;-3.350
8130.49;2339.73;-3.350
8135.47;2339.68;-3.350
8140.46;2339.64;-3.350
8145.44;2339.70;-3.350
8150.43;2339.79;-3.350
8155.42;2339.51;-3.350
8160.40;2339.86;-3.354
8165.39;2339.74;-3.350
8170.38;2339.64;-3.350
8175.36;2339.49;-3.350
8180.35;2339.54;-3.350
8185.34;2339.56;-3.350
8190.32;2339.42;-3.348
8195.31;2339.56;-3.350
8200.29;2339.59;-3.350
8205.28;2339.61;-3.350
8210.27;2339.61;-3.350
8215.25;2339.64;-3.350
8220.24;2339.40;-3.350
8225.23;2339.59;-3.350
8230.21;2339.56;-3.350
8235.20;2339.43;-3.350
8240.19;2339.65;-3.350
8245.17;2339.64;-3.350
8250.16;2339.54;-3.350
8255.15;2339.58;-3.350
8260.13;2339.50;-3.350
8265.12;2339.48;-3.350
8270.11;2339.71;-3.350
8275.09;2339.63;-3.350
8280.08;2339.47;-3.350
8285.06;2339.77;-3.350
8290.05;2339.71;-3.350
8295.04;2339.69;-3.350
8300.02;2339.67;-3.350
8305.01;2339.69;-3.350
8310.28;2339.90;-3.350
8315.27;2339.70;-3.350
8320.25;2339.70;-3.350
8325.24;2339.70;-3.350
8330.23;2339.40;-3.350
8335.21;2339.45;-3.350
8340.20;2339.75;-3.350
8345.18;2339.60;-3.350
8350.17;2339.45;-3.350
8355.16;2339.60;-3.350
8360.14;2339.80;-3.350
8365.13;2339.50;-3.350
8370.11;2339.50;-3.350
8375.10;2339.45;-3.350
8380.09;2339.50;-3.350
8385.08;2339.55;-3.350
8390.06;2339.60;-3.350
8395.05;2339.45;-3.350
8400.04;2339.55;-3.350
8405.02;2339.75;-3.350
8410.01;2339.70;-3.350
8415.28;2339.60;-3.350
8420.26;2339.60;-3.350
8425.25;2339.70;-3.350
8430.24;2339.70;-3.350
8435.22;2339.70;-3.350
8440.21;2339.50;-3.350
8445.20;2339.75;-3.350
8450.18;2339.80;-3.350
8455.17;2339.60;-3.350
8460.16;2339.85;-3.350
8465.14;2339.60;-3.350
8470.13;2340.00;-3.360
8475.12;2339.95;-3.360
8480.10;2339.80;-3.350
8485.09;2339.75;-3.350
8490.08;2339.75;-3.350
8495.06;2339.75;-3.350
8500.05;2340.10;-3.360
8505.03;2340.00;-3.360
8510.02;2339.90;-3.350
8515.01;2339.95;-3.360
8520.60;2339.92;-3.352
8525.58;2340.02;-3.358
8530.57;2340.24;-3.360
8535.56;2340.23;-3.360
8540.54;2340.33;-3.360
8545.53;2340.28;-3.360
8550.52;2340.36;-3.360
8555.50;2340.25;-3.360
8560.49;2340.24;-3.360
8565.48;2340.30;-3.360
8570.46;2340.26;-3.360
8575.45;2340.57;-3.368
8580.44;2340.49;-3.368
8585.42;2340.43;-3.360
8590.41;2340.48;-3.368
8595.40;2340.54;-3.368
8600.38;2340.59;-3.370
8605.37;2340.60;-3.370
8610.36;2340.69;-3.370
8615.35;2340.70;-3.370
8620.33;2340.73;-3.370
8625.32;2340.77;-3.370
8630.31;2340.55;-3.370
8635.29;2340.70;-3.370
8640.28;2340.66;-3.370
8645.27;2340.68;-3.370
8650.25;2340.64;-3.370
8655.24;2340.63;-3.370
8660.23;2340.70;-3.370
8665.21;2340.37;-3.360
8670.20;2340.35;-3.360
8675.19;2340.52;-3.368
8680.17;2340.38;-3.362
8685.16;2340.40;-3.360
8690.15;2340.45;-3.360
8695.13;2340.35;-3.360
8700.12;2340.24;-3.360
8705.11;2340.33;-3.360
8710.09;2340.43;-3.360
8715.08;2340.17;-3.360
8720.07;2340.19;-3.360
8725.05;2340.25;-3.360
8730.04;2340.34;-3.360
8735.03;2340.26;-3.360
8740.01;2340.30;-3.360
8745.28;2340.40;-3.360
8750.27;2340.15;-3.360
8755.25;2340.45;-3.360
8760.24;2340.20;-3.360
8765.23;2340.15;-3.360
8770.21;2340.20;-3.360
8775.20;2340.40;-3.360
8780.19;2340.25;-3.360
8785.17;2340.25;-3.360
8790.16;2340.45;-3.360
8795.12;2340.10;-3.360
8800.03;2340.05;-3.360
8805.01;2340.05;-3.360
8810.27;2340.05;-3.360
8815.26;2340.30;-3.360
8820.25;2340.00;-3.360
8825.23;2340.35;-3.360
8830.19;2339.90;-3.350
8835.15;2339.85;-3.350
8840.14;2340.25;-3.360
8845.12;2340.10;-3.360
8850.11;2340.25;-3.360
8855.10;2340.40;-3.360
8860.08;2340.10;-3.360
8865.07;2340.00;-3.360
8870.06;2340.35;-3.360
8875.04;2340.25;-3.360
8880.03;2340.30;-3.360
8885.02;2340.25;-3.360
8890.00;2340.50;-3.370
8895.59;2340.19;-3.360
8900.58;2340.38;-3.360
8905.56;2340.28;-3.360
8910.55;2340.18;-3.360
8915.54;2340.20;-3.360
8920.49;2340.10;-3.360
8925.45;2340.15;-3.360
8930.44;2340.19;-3.360
8935.43;2340.22;-3.360
8940.41;2340.41;-3.360
8945.40;2340.31;-3.360
8950.39;2340.33;-3.360
8955.38;2340.35;-3.360
8960.36;2340.17;-3.360
8965.35;2340.19;-3.360
8970.33;2340.11;-3.360
8975.32;2340.28;-3.360
8980.31;2340.27;-3.360
8985.29;2340.06;-3.360
8990.28;2340.44;-3.366
8995.27;2340.11;-3.360
9000.25;2340.10;-3.360
9005.24;2340.43;-3.364
9010.23;2340.20;-3.360
9015.21;2340.19;-3.360
9020.20;2340.07;-3.360
9025.19;2340.15;-3.360
9030.17;2340.20;-3.360
9035.16;2340.19;-3.360
9040.15;2340.17;-3.360
9045.13;2340.21;-3.360
9050.12;2340.31;-3.360
9055.11;2340.44;-3.364
9060.09;2340.29;-3.360
9065.08;2340.54;-3.366
9070.07;2340.40;-3.360
9075.05;2340.57;-3.370
9080.04;2340.50;-3.370
9085.02;2340.46;-3.366
9090.01;2340.66;-3.370
9095.28;2340.55;-3.370
9100.27;2340.60;-3.370
9105.25;2340.60;-3.370
9110.24;2340.70;-3.370
9115.19;2340.80;-3.370
9120.16;2340.85;-3.370
9125.14;2340.75;-3.370
9130.13;2340.60;-3.370
9135.12;2340.65;-3.370
9140.11;2340.65;-3.370
9145.09;2340.75;-3.370
9150.08;2340.75;-3.370
9155.07;2340.60;-3.370
9160.05;2340.70;-3.370
9165.04;2340.55;-3.370
9170.03;2340.40;-3.360
9175.01;2340.40;-3.360
9180.28;2340.50;-3.370
9185.26;2340.30;-3.360
9190.25;2340.30;-3.360
9195.24;2340.45;-3.360
9200.22;2340.40;-3.360
9205.21;2340.25;-3.360
9210.20;2340.30;-3.360
9215.18;2340.60;-3.370
9220.17;2340.60;-3.370
9225.16;2340.35;-3.360
9230.14;2340.55;-3.370
9235.13;2340.45;-3.360
9240.12;2340.30;-3.360
9245.10;2340.40;-3.360
9250.09;2340.55;-3.370
9255.08;2340.55;-3.370
9260.06;2340.15;-3.360
9265.05;2340.45;-3.360
9270.04;2340.40;-3.360
9275.02;2340.45;-3.360
9280.01;2340.35;-3.360
9285.59;2340.35;-3.360
9290.58;2340.30;-3.360
9295.57;2340.45;-3.360
9300.56;2340.40;-3.360
9305.54;2340.35;-3.360
9310.53;2340.45;-3.360
9315.51;2340.30;-3.360
9320.50;2340.50;-3.370
9325.49;2340.40;-3.360
9330.47;2340.40;-3.360
9335.46;2340.25;-3.360
9340.45;2340.30;-3.360
9345.43;2340.25;-3.360
9350.42;2340.35;-3.360
9355.41;2340.35;-3.360
9360.39;2340.35;-3.360
9365.38;2340.30;-3.360
9370.37;2340.20;-3.360
9375.35;2340.15;-3.360
9380.34;2340.20;-3.360
9385.33;2340.15;-3.360
9390.31;2340.25;-3.360
9395.30;2340.20;-3.360
9400.28;2340.25;-3.360
9405.27;2340.00;-3.360
9410.26;2340.20;-3.360
9415.24;2340.15;-3.360
9420.23;2340.05;-3.360
9425.21;2340.05;-3.360
9430.20;2340.10;-3.360
9435.19;2340.10;-3.360
9440.17;2340.00;-3.360
9445.16;2340.15;-3.360
9450.15;2340.00;-3.360
9455.13;2339.95;-3.360
9460.12;2340.00;-3.360
9465.11;2340.05;-3.360
9470.09;2340.15;-3.360
9475.08;2339.95;-3.360
9480.07;2340.15;-3.360
9485.05;2340.25;-3.360
9490.04;2339.90;-3.350
9495.02;2340.00;-3.360
9500.01;2340.05;-3.360
9505.28;2340.15;-3.360
9510.26;2340.00;-3.360
9515.25;2340.05;-3.360
9520.24;2339.90;-3.350
9525.22;2340.15;-3.360
9530.21;2340.15;-3.360
9535.20;2340.05;-3.360
9540.18;2340.05;-3.360
9545.17;2340.15;-3.360
9550.16;2340.00;-3.360
9555.15;2340.05;-3.360
9560.13;2340.00;-3.360
9565.12;2340.00;-3.360
9570.11;2339.95;-3.360
9575.09;2340.10;-3.360
9580.08;2340.10;-3.360
9585.07;2339.95;-3.360
9590.05;2340.00;-3.360
9595.03;2340.10;-3.360
9600.57;2340.00;-3.360
9605.55;2340.06;-3.360
9610.54;2340.07;-3.360
9615.53;2340.00;-3.360
9620.51;2340.02;-3.360
9625.50;2339.99;-3.360
9630.49;2340.07;-3.360
9635.47;2340.18;-3.360
9640.46;2340.09;-3.360
9645.45;2340.07;-3.360
9650.43;2339.89;-3.354
9655.42;2339.90;-3.350
9660.41;2340.09;-3.360
9665.39;2339.93;-3.356
9670.38;2339.99;-3.356
9675.37;2339.95;-3.360
9680.35;2340.02;-3.360
9685.34;2339.97;-3.360
9690.33;2339.78;-3.350
9695.31;2339.88;-3.350
9700.30;2340.00;-3.360
9705.29;2339.96;-3.356
9710.27;2339.85;-3.350
9715.26;2339.71;-3.350
9720.25;2342.38;-3.398
9725.23;2339.83;-3.350
9730.20;2339.75;-3.350
9735.15;2339.78;-3.350
9740.14;2339.83;-3.352
9745.12;2340.58;-3.370
9750.11;2338.77;-3.334
9755.10;2341.02;-3.374
9760.33;2338.95;-3.340
9765.28;2339.10;-3.340
9770.23;2338.79;-3.338
9775.21;2338.90;-3.340
9780.20;2338.95;-3.340
9785.18;2339.17;-3.340
9790.15;2339.07;-3.340
9795.10;2339.14;-3.340
9800.09;2339.39;-3.348
9805.07;2339.26;-3.340
9810.06;2339.32;-3.346
9815.28;2339.45;-3.350
9820.26;2322.75;-3.050
9825.25;2338.10;-3.320
9830.24;2331.20;-3.200
9835.22;2336.45;-3.290
9840.21;2336.35;-3.290
9845.19;2337.05;-3.300
9850.17;2336.40;-3.290
9855.17;2337.70;-3.320
9860.15;2338.05;-3.320
9865.11;2334.00;-3.250
9870.07;2335.80;-3.280
9875.28;2338.15;-3.320
9880.26;2339.50;-3.350
9885.25;2339.55;-3.350
9890.24;2340.00;-3.360
9895.18;2340.80;-3.370
9900.12;2341.00;-3.370
9905.04;2340.75;-3.370
9910.02;2341.95;-3.390
9915.28;2341.65;-3.390
9920.27;2341.60;-3.380
9925.26;2340.55;-3.370
9930.24;2340.50;-3.370
9935.23;2340.35;-3.360
9940.21;2340.30;-3.360
9945.20;2340.30;-3.360
9950.19;2340.00;-3.360
9955.18;2340.25;-3.360
9960.16;2340.20;-3.360
9965.15;2340.60;-3.370
9970.13;2340.45;-3.360
9975.12;2340.15;-3.360
9980.11;2340.20;-3.360
9985.09;2340.25;-3.360
9990.08;2340.20;-3.360
9995.07;2340.25;-3.360
10000.05;2340.15;-3.360
10005.04;2340.15;-3.360
10010.03;2340.20;-3.360
10015.01;2340.10;-3.360
10020.60;2340.00;-3.360
10025.58;2340.35;-3.360
10030.57;2340.25;-3.360
10035.56;2340.05;-3.360
10040.54;2340.05;-3.360
10045.53;2340.10;-3.360
10050.51;2340.10;-3.360
10055.50;2340.20;-3.360
10060.49;2340.05;-3.360
10065.47;2340.10;-3.360
10070.46;2339.95;-3.360
10075.45;2340.05;-3.360
10080.43;2340.05;-3.360
10085.42;2339.95;-3.360
10090.40;2339.80;-3.350
10095.39;2339.85;-3.350
10100.38;2339.95;-3.360
10105.36;2339.90;-3.350
10110.35;2339.95;-3.360
10115.34;2339.80;-3.350
10120.32;2339.95;-3.360
10125.31;2339.70;-3.350
10130.30;2339.85;-3.350
10135.28;2339.85;-3.350
10140.27;2339.85;-3.350
10145.24;2339.88;-3.350
10150.17;2339.86;-3.350
10155.08;2339.85;-3.350
10160.27;2340.05;-3.360
10165.16;2339.95;-3.360
10170.08;2339.75;-3.350
10175.28;2340.00;-3.360
10180.20;2339.85;-3.350
10185.10;2339.88;-3.352
10190.01;2340.03;-3.356
10195.21;2339.95;-3.360
10200.10;2340.10;-3.360
10205.27;2340.15;-3.360
10210.16;2340.00;-3.360
10215.12;2340.15;-3.360
10220.10;2340.00;-3.360
10225.09;2340.00;-3.360
10230.08;2340.00;-3.360
10235.06;2340.05;-3.360
10240.05;2340.10;-3.360
10245.04;2339.95;-3.360
10250.02;2339.90;-3.350
10255.01;2340.00;-3.360
10260.28;2339.95;-3.360
10265.26;2340.00;-3.360
10270.25;2339.90;-3.350
10275.23;2339.95;-3.360
10280.22;2340.10;-3.360
10285.21;2339.85;-3.350
10290.19;2339.95;-3.360
10295.18;2340.15;-3.360
10300.17;2339.85;-3.350
10305.15;2339.95;-3.360
10310.14;2340.05;-3.360
10315.12;2339.80;-3.350
10320.11;2339.85;-3.350
10325.10;2339.90;-3.350
10330.08;2339.90;-3.350
10335.07;2339.85;-3.350
10340.05;2340.00;-3.360
10345.04;2339.95;-3.360
10350.03;2339.85;-3.350
10355.01;2339.65;-3.350
10360.60;2339.80;-3.350
10365.59;2339.69;-3.350
10370.57;2339.81;-3.350
10375.56;2339.81;-3.350
10380.54;2339.91;-3.352
10385.53;2339.87;-3.350
10390.52;2339.61;-3.350
10395.50;2339.69;-3.350
10400.49;2339.75;-3.350
10405.47;2339.69;-3.350
10410.46;2339.57;-3.350
10415.45;2339.80;-3.350
10420.43;2339.73;-3.350
10425.42;2339.74;-3.350
10430.40;2339.79;-3.350
10435.39;2339.64;-3.350
10440.38;2339.63;-3.350
10445.36;2339.73;-3.350
10450.35;2339.64;-3.350
10455.34;2339.63;-3.350
10460.32;2339.61;-3.350
10465.31;2339.51;-3.350
10470.29;2339.63;-3.350
10475.28;2339.40;-3.350
10480.27;2339.58;-3.350
10485.25;2339.54;-3.350
10490.24;2339.33;-3.350
10495.22;2339.36;-3.350
10500.21;2339.38;-3.350
10505.20;2339.22;-3.342
10510.18;2339.17;-3.342
10515.17;2339.48;-3.350
10520.16;2339.43;-3.350
10525.14;2339.15;-3.340
10530.13;2339.87;-3.356
10535.11;2339.30;-3.350
10540.10;2339.20;-3.340
10545.09;2339.21;-3.340
10550.07;2339.15;-3.340
10555.06;2339.17;-3.340
10560.05;2339.12;-3.340
10565.03;2338.99;-3.342
10570.02;2338.94;-3.340
10575.00;2338.83;-3.340
10580.27;2338.90;-3.340
10585.26;2338.90;-3.340
10590.25;2338.65;-3.330
10595.23;2338.80;-3.340
10600.22;2338.65;-3.330
10605.21;2338.75;-3.340
10610.19;2338.85;-3.340
10615.18;2338.65;-3.330
10620.16;2338.15;-3.320
10625.15;2338.50;-3.330
10630.13;2338.65;-3.330
10635.06;2338.75;-3.340
10640.05;2338.45;-3.330
10645.04;2339.00;-3.340
10650.02;2338.90;-3.340
10655.01;2338.80;-3.340
10660.60;2338.59;-3.332
10665.58;2338.70;-3.332
10670.57;2338.78;-3.338
10675.55;2338.66;-3.330
10680.54;2338.75;-3.340
10685.53;2338.83;-3.340
10690.51;2338.82;-3.338
10695.50;2338.78;-3.338
10700.48;2338.72;-3.332
10705.47;2338.67;-3.332
10710.46;2338.83;-3.340
10715.44;2338.68;-3.330
10720.43;2338.76;-3.340
10725.41;2338.83;-3.340
10730.40;2338.75;-3.332
10735.38;2338.60;-3.330
10740.37;2338.63;-3.330
10745.36;2338.56;-3.330
10750.34;2338.51;-3.330
10755.33;2338.64;-3.330
10760.32;2338.54;-3.330
10765.30;2338.48;-3.330
10770.29;2338.59;-3.330
10775.28;2338.39;-3.330
10780.26;2338.34;-3.330
10785.25;2338.55;-3.330
10790.23;2338.29;-3.328
10795.22;2338.09;-3.328
10800.21;2338.48;-3.330
10805.19;2338.35;-3.330
10810.18;2338.32;-3.330
10815.16;2338.49;-3.330
10820.15;2338.32;-3.330
10825.13;2338.39;-3.330
10830.12;2338.27;-3.330
10835.11;2338.15;-3.320
10840.09;2338.27;-3.328
10845.08;2338.25;-3.330
10850.06;2338.25;-3.330
10855.05;2338.09;-3.320
10860.04;2338.08;-3.320
10865.02;2338.08;-3.322
10870.01;2338.23;-3.328
10875.28;2338.15;-3.320
10880.26;2338.00;-3.320
10885.25;2338.05;-3.320
10890.24;2337.75;-3.320
10895.22;2337.95;-3.320
10900.21;2337.80;-3.320
10905.19;2338.00;-3.320
10910.18;2337.70;-3.320
10915.16;2337.45;-3.310
10920.15;2337.50;-3.310
10925.14;2337.45;-3.310
10930.12;2337.40;-3.310
10935.11;2337.40;-3.310
10940.09;2337.30;-3.310
10945.08;2337.35;-3.310
10950.06;2337.30;-3.310
10955.05;2337.35;-3.310
10960.04;2337.45;-3.310
10965.02;2337.35;-3.310
10970.01;2337.50;-3.310
10975.28;2337.25;-3.310
10980.26;2337.35;-3.310
10985.25;2337.35;-3.310
10990.23;2337.30;-3.310
10995.22;2337.50;-3.310
11000.21;2337.50;-3.310
11005.19;2337.55;-3.310
11010.17;2337.30;-3.310
11015.16;2337.60;-3.320
11020.15;2337.55;-3.310
11025.13;2337.40;-3.310
11030.12;2337.45;-3.310
11035.11;2337.50;-3.310
11040.09;2337.35;-3.310
11045.08;2337.35;-3.310
11050.06;2337.55;-3.310
11055.05;2337.35;-3.310
11060.04;2337.35;-3.310
11065.02;2337.55;-3.310
11070.01;2337.30;-3.310
11075.59;2337.50;-3.310
11080.58;2337.49;-3.310
11085.57;2337.45;-3.310
11090.55;2337.41;-3.310
11095.54;2337.39;-3.310
11100.52;2337.46;-3.310
11105.51;2337.37;-3.310
11110.49;2337.28;-3.310
11115.48;2337.44;-3.310
11120.47;2337.40;-3.310
11125.45;2337.34;-3.310
11130.44;2337.49;-3.310
11135.42;2337.46;-3.310
11140.41;2337.49;-3.310
11145.40;2337.47;-3.310
11150.38;2337.41;-3.310
11155.37;2337.46;-3.310
11160.35;2337.38;-3.310
11165.34;2337.43;-3.310
11170.33;2337.53;-3.310
11175.31;2337.61;-3.318
11180.30;2337.42;-3.310
11185.28;2337.51;-3.310
11190.27;2337.41;-3.310
11195.25;2337.58;-3.318
11200.24;2337.58;-3.318
11205.23;2337.42;-3.310
11210.21;2337.53;-3.312
11215.20;2337.58;-3.318
11220.18;2337.48;-3.310
11225.17;2337.54;-3.310
11230.16;2337.45;-3.310
11235.14;2337.52;-3.312
11240.13;2337.75;-3.320
11245.11;2337.38;-3.310
11250.10;2337.51;-3.310
11255.08;2337.75;-3.320
11260.07;2337.58;-3.312
11265.06;2337.75;-3.320
11270.04;2337.86;-3.320
11275.03;2337.78;-3.320
11280.01;2337.87;-3.320
11285.00;2337.87;-3.320
11290.27;2337.80;-3.320
11295.25;2337.85;-3.320
11300.24;2337.90;-3.320
11305.23;2337.70;-3.320
11310.22;2337.90;-3.320
11315.20;2337.80;-3.320
11320.18;2337.95;-3.320
11325.17;2337.85;-3.320
11330.16;2337.80;-3.320
11335.14;2337.85;-3.320
11340.13;2337.95;-3.320
11345.11;2337.90;-3.320
11350.10;2337.95;-3.320
11355.08;2337.90;-3.320
11360.07;2337.90;-3.320
11365.06;2337.95;-3.320
11370.02;2337.95;-3.320
11375.57;2337.77;-3.320
11380.56;2337.83;-3.320
11385.54;2337.89;-3.320
11390.53;2337.72;-3.320
11395.51;2337.67;-3.320
11400.50;2337.68;-3.320
11405.49;2337.95;-3.320
11410.47;2337.61;-3.320
11415.46;2337.54;-3.310
11420.45;2337.54;-3.310
11425.43;2337.52;-3.312
11430.42;2337.69;-3.320
11435.40;2337.56;-3.312
11440.39;2337.67;-3.318
11445.37;2337.58;-3.318
11450.36;2337.41;-3.310
11455.35;2337.50;-3.310
11460.33;2337.59;-3.318
11465.32;2337.61;-3.320
11470.30;2337.39;-3.310
11475.29;2337.22;-3.310
11480.28;2337.35;-3.310
11485.26;2337.40;-3.310
11490.25;2337.34;-3.310
11495.23;2337.26;-3.310
11500.22;2337.35;-3.310
11505.20;2337.22;-3.310
11510.19;2337.13;-3.310
11515.17;2336.97;-3.302
11520.16;2337.14;-3.310
11525.15;2337.18;-3.310
11530.13;2337.13;-3.310
11535.12;2337.19;-3.310
11540.11;2337.13;-3.310
11545.09;2336.98;-3.300
11550.08;2337.10;-3.310
11555.06;2336.86;-3.300
11560.05;2337.16;-3.308
11565.04;2337.12;-3.310
11570.02;2337.11;-3.308
11575.01;2336.83;-3.300
11580.28;2336.95;-3.300
11585.26;2337.00;-3.300
11590.25;2336.85;-3.300
11595.23;2337.05;-3.310
11600.22;2336.95;-3.300
11605.20;2336.90;-3.300
11610.19;2337.00;-3.300
11615.18;2337.10;-3.310
11620.16;2336.95;-3.300
11625.15;2337.15;-3.310
11630.13;2337.10;-3.310
11635.12;2336.90;-3.300
11640.10;2337.00;-3.300
11645.09;2337.05;-3.310
11650.08;2337.15;-3.310
11655.06;2337.10;-3.310
11660.05;2337.05;-3.310
11665.03;2337.05;-3.310
11670.02;2337.00;-3.300
11675.01;2336.95;-3.300
11680.27;2337.10;-3.310
11685.26;2337.05;-3.310
11690.25;2337.10;-3.310
11695.23;2337.05;-3.310
11700.22;2337.10;-3.310
11705.20;2336.95;-3.300
11710.19;2336.85;-3.300
11715.17;2337.00;-3.300
11720.16;2337.00;-3.300
11725.15;2337.20;-3.310
11730.11;2336.75;-3.300
11735.05;2337.00;-3.300
11740.05;2337.00;-3.300
11745.58;2336.95;-3.300
11750.56;2337.37;-3.308
11755.55;2337.18;-3.310
11760.54;2336.89;-3.300
11765.52;2336.97;-3.306
11770.50;2337.03;-3.306
11775.49;2337.17;-3.310
11780.48;2337.11;-3.310
11785.46;2337.13;-3.310
11790.43;2335.74;-3.286
11795.38;2336.35;-3.290
11800.37;2331.93;-3.218
11805.35;2344.14;-3.426
11810.34;2334.77;-3.266
11815.32;2334.95;-3.270
11820.31;2335.29;-3.270
11825.29;2335.44;-3.280
11830.53;2335.70;-3.280
11835.46;2335.96;-3.288
11840.42;2335.95;-3.290
11845.36;2332.03;-3.216
11850.28;2333.49;-3.244
11855.23;2336.04;-3.290
11860.20;2337.12;-3.308
11865.41;2336.95;-3.300
11870.38;2337.57;-3.318
11875.33;2338.41;-3.330
11880.31;2338.61;-3.330
11885.30;2339.03;-3.340
11890.28;2339.32;-3.350
11895.27;2339.39;-3.350
11900.25;2338.71;-3.332
11905.24;2338.52;-3.332
11910.23;2338.02;-3.320
11915.21;2337.69;-3.320
11920.20;2337.57;-3.312
11925.19;2337.78;-3.320
11930.17;2337.59;-3.312
11935.16;2337.67;-3.320
11940.14;2337.17;-3.310
11945.13;2337.45;-3.310
11950.12;2337.47;-3.310
11955.07;2337.28;-3.310
11960.03;2337.45;-3.310
11965.02;2337.52;-3.310
11970.00;2337.47;-3.310
11975.27;2337.55;-3.310
11980.26;2337.70;-3.320
11985.24;2337.40;-3.310
11990.23;2337.45;-3.310
11995.21;2337.60;-3.320
12000.20;2337.45;-3.310
12005.18;2337.10;-3.310
12010.17;2337.35;-3.310
12015.15;2337.20;-3.310
12020.14;2337.40;-3.310
12025.10;2337.30;-3.310
12030.06;2337.50;-3.310
12035.04;2337.30;-3.310
12040.03;2337.45;-3.310
12045.02;2337.40;-3.310
12050.00;2337.55;-3.310
12055.27;2337.70;-3.320
12060.26;2337.70;-3.320
12065.24;2337.65;-3.320
12070.23;2337.60;-3.320
12075.21;2337.35;-3.310
12080.20;2337.50;-3.310
12085.18;2336.80;-3.300
12090.17;2337.15;-3.310
12095.16;2337.60;-3.320
12100.14;2337.30;-3.310
12105.13;2337.55;-3.310
12110.11;2337.55;-3.310
12115.10;2337.35;-3.310
12120.09;2337.35;-3.310
12125.07;2337.50;-3.310
12130.06;2337.65;-3.320
12135.04;2337.30;-3.310
12140.03;2337.70;-3.320
12145.01;2337.80;-3.320
12150.60;2337.70;-3.320
12155.58;2337.45;-3.310
12160.57;2337.55;-3.310
12165.56;2336.35;-3.290
12170.54;2337.55;-3.310
12175.53;2338.10;-3.320
12180.51;2337.45;-3.310
12185.49;2337.65;-3.320
12190.49;2337.75;-3.320
12195.47;2337.50;-3.310
12200.46;2337.70;-3.320
12205.44;2337.75;-3.320
12210.43;2337.80;-3.320
12215.42;2337.85;-3.320
12220.40;2337.90;-3.320
12225.39;2338.00;-3.320
12230.37;2337.80;-3.320
12235.36;2338.05;-3.320
12240.34;2337.70;-3.320
12245.33;2338.15;-3.320
12250.32;2338.00;-3.320
12255.30;2337.85;-3.320
12260.29;2337.90;-3.320
12265.27;2337.75;-3.320
12270.26;2337.60;-3.320
12275.25;2337.60;-3.320
12280.23;2337.50;-3.310
12285.22;2337.55;-3.310
12290.20;2337.85;-3.320
12295.19;2337.20;-3.310
12300.18;2337.60;-3.320
12305.16;2337.95;-3.320
12310.15;2337.40;-3.310
12315.14;2337.85;-3.320
12320.12;2337.95;-3.320
12325.11;2337.80;-3.320
12330.09;2337.90;-3.320
12335.08;2338.50;-3.330
12340.07;2337.85;-3.320
12345.05;2337.90;-3.320
12350.04;2338.20;-3.330
12355.03;2338.10;-3.320
12360.01;2338.05;-3.320
12365.28;2337.90;-3.320
12370.27;2338.05;-3.320
12375.25;2338.00;-3.320
12380.24;2337.85;-3.320
12385.23;2337.90;-3.320
12390.21;2337.90;-3.320
12395.20;2337.85;-3.320
12400.18;2337.50;-3.310
12405.17;2338.10;-3.320
12410.15;2337.60;-3.320
12415.14;2338.05;-3.320
12420.13;2337.75;-3.320
12425.11;2337.75;-3.320
12430.10;2337.75;-3.320
12435.09;2337.95;-3.320
12440.07;2338.00;-3.320
12445.06;2337.50;-3.310
12450.04;2338.00;-3.320
12455.03;2338.10;-3.320
12460.01;2337.95;-3.320
12465.60;2338.07;-3.320
12470.59;2338.20;-3.326
12475.58;2338.13;-3.320
12480.56;2338.18;-3.326
12485.54;2338.12;-3.324
12490.53;2338.29;-3.330
12495.52;2338.36;-3.330
12500.50;2338.17;-3.324
12505.49;2338.39;-3.330
12510.48;2338.23;-3.324
12515.46;2338.30;-3.326
12520.45;2338.22;-3.330
12525.43;2338.36;-3.330
12530.42;2338.35;-3.330
12535.41;2338.39;-3.330
12540.39;2338.20;-3.324
12545.38;2338.19;-3.324
12550.37;2338.30;-3.330
12555.35;2338.29;-3.330
12560.34;2338.20;-3.326
12565.32;2338.18;-3.324
12570.31;2338.24;-3.330
12575.30;2338.47;-3.330
12580.28;2338.12;-3.320
12585.27;2337.77;-3.314
12590.26;2338.28;-3.330
12595.24;2338.17;-3.326
12600.23;2337.87;-3.320
12605.21;2338.10;-3.324
12610.20;2338.04;-3.320
12615.19;2338.04;-3.320
12620.17;2337.79;-3.320
12625.16;2337.78;-3.320
12630.15;2337.78;-3.320
12635.13;2337.92;-3.320
12640.12;2337.82;-3.320
12645.11;2338.08;-3.324
12650.09;2338.00;-3.320
12655.08;2338.08;-3.320
12660.07;2338.17;-3.326
12665.05;2338.17;-3.324
12670.04;2338.38;-3.330
12675.03;2338.21;-3.326
12680.01;2338.31;-3.330
12685.26;2338.20;-3.330
12690.21;2338.40;-3.330
12695.20;2338.00;-3.320
12700.18;2338.20;-3.330
12705.17;2338.15;-3.320
12710.16;2337.85;-3.320
12715.14;2338.20;-3.330
12720.13;2338.00;-3.320
12725.12;2338.00;-3.320
12730.10;2338.05;-3.320
12735.07;2338.10;-3.320
12740.02;2338.15;-3.320
