time[s];Vsg[mV];pH/ion concentration [mM]
5.40;2416.84;-4.700
10.39;2417.09;-4.700
15.37;2417.02;-4.700
20.36;2417.03;-4.700
25.33;2416.84;-4.700
30.28;2416.93;-4.700
35.24;2416.86;-4.700
40.23;2416.98;-4.700
45.21;2416.92;-4.700
50.19;2416.85;-4.700
55.19;2416.83;-4.700
60.18;2417.11;-4.700
65.10;2416.84;-4.700
70.08;2416.80;-4.700
75.07;2416.94;-4.700
80.06;2417.02;-4.700
85.05;2416.92;-4.700
90.02;2416.90;-4.700
95.01;2416.93;-4.700
100.27;2416.75;-4.700
105.26;2416.80;-4.700
110.25;2416.75;-4.700
115.24;2416.90;-4.700
120.22;2416.50;-4.690
125.20;2416.35;-4.690
130.18;2416.40;-4.690
135.17;2416.25;-4.690
140.15;2416.20;-4.690
145.13;2416.15;-4.690
150.12;2416.00;-4.680
155.11;2415.95;-4.680
160.09;2416.10;-4.690
165.09;2415.75;-4.680
170.07;2415.70;-4.680
175.06;2415.55;-4.680
180.04;2415.45;-4.670
185.03;2415.55;-4.680
190.01;2415.25;-4.670
195.27;2415.05;-4.670
200.26;2415.25;-4.670
205.24;2415.15;-4.670
210.23;2414.95;-4.670
215.21;2414.75;-4.660
220.20;2414.75;-4.660
225.18;2414.55;-4.660
230.16;2414.05;-4.650
235.15;2414.00;-4.650
240.13;2414.30;-4.650
245.12;2414.15;-4.650
250.10;2413.85;-4.650
255.08;2413.75;-4.650
260.07;2413.45;-4.640
265.00;2413.80;-4.650
270.58;2413.42;-4.640
275.57;2413.49;-4.640
280.55;2413.18;-4.632
285.53;2413.14;-4.630
290.51;2412.93;-4.630
295.51;2412.85;-4.630
300.50;2412.58;-4.620
305.48;2412.48;-4.620
310.46;2412.54;-4.620
315.44;2412.33;-4.620
320.42;2412.43;-4.620
325.41;2412.16;-4.620
330.39;2412.17;-4.618
335.38;2411.94;-4.610
340.36;2411.95;-4.610
345.34;2411.69;-4.610
350.33;2411.53;-4.608
355.26;2410.95;-4.600
360.21;2411.24;-4.600
365.15;2411.09;-4.600
370.10;2411.34;-4.600
375.08;2411.16;-4.600
380.07;2411.37;-4.600
385.05;2411.23;-4.600
390.03;2411.13;-4.600
395.03;2411.11;-4.600
400.00;2411.43;-4.608
405.27;2411.25;-4.600
410.26;2411.25;-4.600
415.24;2410.95;-4.600
420.23;2410.90;-4.590
425.21;2410.80;-4.590
430.20;2410.65;-4.590
435.18;2410.75;-4.590
440.17;2410.55;-4.590
445.16;2410.35;-4.590
450.13;2410.45;-4.590
455.13;2410.35;-4.590
460.11;2410.10;-4.580
465.09;2410.10;-4.580
470.08;2409.90;-4.580
475.06;2409.85;-4.580
480.04;2409.70;-4.570
485.02;2409.55;-4.570
490.01;2409.65;-4.570
495.28;2409.55;-4.570
500.26;2409.35;-4.570
505.26;2408.90;-4.560
510.23;2408.75;-4.560
515.22;2408.55;-4.550
520.20;2408.55;-4.550
525.18;2408.15;-4.550
530.17;2408.20;-4.550
535.16;2407.85;-4.540
540.15;2407.75;-4.540
545.13;2407.60;-4.540
550.11;2407.65;-4.540
555.10;2407.35;-4.530
560.08;2407.30;-4.530
565.06;2406.95;-4.530
570.04;2407.00;-4.530
575.03;2407.20;-4.530
580.01;2406.85;-4.520
585.59;2406.64;-4.520
590.59;2406.69;-4.520
595.57;2406.40;-4.520
600.56;2406.38;-4.520
605.54;2406.36;-4.520
610.52;2406.34;-4.512
615.51;2405.94;-4.510
620.49;2405.84;-4.510
625.47;2405.69;-4.500
630.46;2405.71;-4.500
635.45;2405.66;-4.500
640.44;2405.46;-4.500
645.42;2405.44;-4.500
650.40;2405.50;-4.500
655.38;2405.20;-4.492
660.37;2405.30;-4.500
665.30;2404.77;-4.490
670.27;2405.07;-4.490
675.26;2404.95;-4.490
680.24;2404.72;-4.490
685.23;2404.65;-4.490
690.22;2404.60;-4.484
695.19;2404.65;-4.486
700.18;2404.48;-4.480
705.18;2404.29;-4.480
710.16;2404.47;-4.480
715.15;2404.26;-4.480
720.13;2404.24;-4.480
725.11;2404.19;-4.480
730.09;2403.94;-4.470
735.07;2403.73;-4.470
740.06;2403.59;-4.470
745.04;2403.59;-4.470
750.04;2403.69;-4.470
755.02;2403.61;-4.470
760.00;2403.42;-4.460
765.26;2402.95;-4.460
770.25;2402.95;-4.460
775.23;2402.80;-4.450
780.21;2403.00;-4.460
785.21;2402.75;-4.450
790.18;2402.80;-4.450
795.18;2402.75;-4.450
800.16;2402.55;-4.450
805.15;2402.50;-4.450
810.13;2402.50;-4.450
815.11;2402.40;-4.450
820.10;2402.25;-4.440
825.08;2402.30;-4.440
830.06;2401.90;-4.440
835.04;2401.85;-4.440
840.03;2401.80;-4.440
845.03;2401.75;-4.430
850.01;2401.70;-4.430
855.59;2401.55;-4.430
860.58;2401.34;-4.430
865.56;2401.34;-4.430
870.54;2401.17;-4.422
875.52;2401.38;-4.430
880.51;2401.19;-4.420
885.49;2401.30;-4.428
890.48;2400.83;-4.420
895.46;2400.71;-4.420
900.45;2400.70;-4.420
905.43;2400.59;-4.410
910.42;2400.56;-4.410
915.40;2400.46;-4.410
920.39;2400.28;-4.410
925.37;2400.21;-4.410
930.02;2399.95;-4.400
935.57;2399.90;-4.400
940.55;2399.80;-4.400
945.53;2399.85;-4.400
950.51;2399.60;-4.400
955.51;2399.65;-4.400
960.48;2399.40;-4.390
965.47;2399.50;-4.400
970.46;2399.30;-4.390
975.44;2399.35;-4.390
980.42;2399.20;-4.390
985.41;2399.05;-4.390
990.39;2399.00;-4.390
995.38;2399.35;-4.390
1000.37;2399.35;-4.390
1005.34;2398.40;-4.380
1010.34;2398.50;-4.380
1015.33;2398.20;-4.370
1020.31;2398.15;-4.370
1025.29;2398.15;-4.370
1030.28;2396.60;-4.340
1035.25;2397.30;-4.360
1040.24;2397.75;-4.360
1045.23;2397.45;-4.360
1050.21;2397.50;-4.360
1055.20;2397.75;-4.360
1060.18;2397.80;-4.370
1065.16;2396.90;-4.350
1070.15;2396.75;-4.350
1075.14;2396.70;-4.350
1080.11;2397.00;-4.350
1085.10;2395.85;-4.330
1090.08;2396.45;-4.340
1095.08;2396.15;-4.340
1100.06;2396.45;-4.340
1105.04;2396.55;-4.340
1110.03;2395.95;-4.330
1115.01;2396.10;-4.340
1120.28;2397.15;-4.350
1125.27;2395.55;-4.330
1130.25;2396.80;-4.350
1135.23;2395.70;-4.330
1140.22;2395.05;-4.320
1145.20;2395.00;-4.320
1150.19;2394.90;-4.310
1155.17;2395.00;-4.320
1160.16;2394.80;-4.310
1165.14;2394.60;-4.310
1170.12;2397.75;-4.360
1175.10;2394.85;-4.310
1180.08;2399.80;-4.400
1185.07;2393.10;-4.280
1190.05;2395.10;-4.320
1195.05;2393.35;-4.290
1200.03;2393.80;-4.300
1205.01;2395.05;-4.320
1210.60;2394.20;-4.300
1215.58;2393.34;-4.290
1220.56;2393.38;-4.290
1225.54;2393.33;-4.284
1230.53;2393.83;-4.292
1235.51;2389.34;-4.214
1240.51;2392.99;-4.284
1245.49;2393.44;-4.288
1250.47;2394.47;-4.304
1255.45;2392.60;-4.276
1260.44;2392.86;-4.280
1265.43;2392.87;-4.280
1270.41;2392.90;-4.280
1275.39;2393.78;-4.294
1280.37;2392.36;-4.270
1285.36;2393.38;-4.286
1290.34;2392.73;-4.278
1295.32;2391.22;-4.250
1300.32;2391.57;-4.260
1305.29;2391.45;-4.254
1310.29;2391.45;-4.250
1315.28;2391.28;-4.250
1320.26;2390.77;-4.240
1325.24;2390.71;-4.240
1330.23;2390.59;-4.240
1335.20;2389.88;-4.224
1340.19;2391.15;-4.248
1345.18;2390.89;-4.244
1350.17;2390.92;-4.244
1355.15;2391.65;-4.256
1360.13;2391.66;-4.254
1365.11;2391.98;-4.266
1370.09;2390.19;-4.234
1375.08;2390.60;-4.236
1380.06;2392.17;-4.264
1385.04;2393.70;-4.296
1390.04;2393.71;-4.292
1395.02;2395.12;-4.318
1400.01;2393.77;-4.296
1405.27;2394.35;-4.300
1410.26;2393.20;-4.280
1415.24;2393.75;-4.290
1420.23;2393.35;-4.290
1425.21;2393.20;-4.280
1430.20;2393.00;-4.280
1435.18;2392.60;-4.270
1440.17;2394.20;-4.300
1445.15;2391.80;-4.260
1450.14;2391.65;-4.260
1455.11;2391.10;-4.250
1460.10;2390.80;-4.240
1465.08;2391.20;-4.250
1470.06;2389.85;-4.230
1475.05;2390.05;-4.230
1480.05;2389.45;-4.220
1485.03;2389.80;-4.220
1490.01;2389.15;-4.210
1495.59;2389.11;-4.210
1500.58;2390.93;-4.242
1505.56;2388.69;-4.208
1510.54;2389.06;-4.208
1515.52;2388.07;-4.198
1520.52;2387.82;-4.190
1525.51;2387.69;-4.190
1530.48;2387.87;-4.188
1535.47;2387.33;-4.178
1540.45;2386.69;-4.170
1545.44;2386.63;-4.172
1550.42;2386.67;-4.170
1555.40;2386.46;-4.170
1560.39;2386.22;-4.160
1565.05;2385.70;-4.150
1570.58;2385.60;-4.150
1575.57;2385.25;-4.150
1580.55;2384.95;-4.140
1585.53;2385.05;-4.140
1590.53;2384.75;-4.140
1595.52;2384.25;-4.130
1600.49;2386.65;-4.170
1605.47;2380.95;-4.070
1610.47;2384.70;-4.140
1615.44;2383.95;-4.120
1620.38;2385.59;-4.152
1625.36;2384.06;-4.120
1630.35;2384.64;-4.138
1635.33;2383.00;-4.106
1640.31;2386.06;-4.158
1645.29;2383.56;-4.120
1650.28;2383.42;-4.110
1655.27;2382.96;-4.106
1660.25;2382.94;-4.100
1665.23;2382.76;-4.100
1670.22;2382.65;-4.100
1675.20;2382.72;-4.100
1680.18;2382.29;-4.092
1685.17;2382.44;-4.098
1690.17;2382.13;-4.090
1695.15;2382.02;-4.090
1700.14;2381.89;-4.090
1705.12;2381.91;-4.090
1710.10;2381.61;-4.080
1715.08;2381.44;-4.080
1720.06;2381.35;-4.078
1725.05;2381.27;-4.072
1730.03;2381.16;-4.070
1735.01;2381.05;-4.070
1740.01;2380.90;-4.070
1745.27;2380.80;-4.070
1750.26;2380.70;-4.070
1755.24;2380.40;-4.060
1760.22;2380.40;-4.060
1765.21;2380.20;-4.060
1770.19;2379.30;-4.040
1775.19;2380.00;-4.050
1780.17;2380.10;-4.050
1785.16;2379.90;-4.050
1790.15;2379.45;-4.040
1795.12;2379.75;-4.050
1800.10;2379.45;-4.040
1805.09;2379.50;-4.040
1810.08;2379.40;-4.040
1815.05;2379.50;-4.040
1820.05;2379.40;-4.040
1825.03;2379.20;-4.040
1830.02;2379.10;-4.040
1835.00;2378.70;-4.030
1840.58;2378.80;-4.030
1845.56;2378.70;-4.030
1850.56;2378.71;-4.030
1855.55;2378.58;-4.030
1860.53;2378.57;-4.030
1865.51;2378.58;-4.030
1870.50;2378.29;-4.020
1875.48;2378.37;-4.026
1880.46;2378.22;-4.020
1885.46;2378.16;-4.020
1890.44;2377.98;-4.020
1895.43;2378.00;-4.020
1900.41;2378.06;-4.020
1905.39;2377.76;-4.010
1910.37;2377.76;-4.010
1915.36;2377.73;-4.010
1920.34;2377.58;-4.010
1925.33;2377.57;-4.010
1930.31;2377.41;-4.010
1935.29;2377.49;-4.010
1940.28;2377.48;-4.010
1945.27;2377.18;-4.000
1950.24;2377.08;-4.000
1955.24;2377.14;-4.000
1960.23;2376.94;-4.000
1965.21;2376.85;-4.000
1970.20;2376.85;-4.000
1975.18;2376.66;-3.994
1980.16;2376.65;-3.990
1985.15;2376.50;-3.990
1990.13;2376.44;-3.990
1995.11;2376.64;-3.996
2000.10;2376.38;-3.990
2005.08;2376.39;-3.990
2010.08;2376.25;-3.990
2015.06;2376.31;-3.990
2020.04;2376.23;-3.990
2025.03;2376.02;-3.980
2030.01;2375.96;-3.980
2035.28;2375.90;-3.980
2040.27;2376.00;-3.980
2045.25;2375.95;-3.980
2050.24;2375.70;-3.980
2055.22;2375.70;-3.980
2060.20;2375.75;-3.980
2065.19;2375.75;-3.980
2070.17;2375.75;-3.980
2075.16;2375.80;-3.980
2080.15;2375.70;-3.980
2085.12;2375.55;-3.970
2090.10;2375.45;-3.970
2095.10;2375.55;-3.970
2100.08;2375.35;-3.970
2105.06;2375.05;-3.970
2110.05;2375.20;-3.970
2115.03;2375.20;-3.970
2120.01;2375.00;-3.970
2125.29;2374.85;-3.960
2130.26;2374.85;-3.960
2135.25;2375.00;-3.970
2140.24;2375.00;-3.970
2145.22;2374.95;-3.960
2150.21;2374.85;-3.960
2155.19;2374.80;-3.960
2160.17;2374.70;-3.960
2165.16;2374.70;-3.960
2170.15;2374.80;-3.960
2175.12;2374.70;-3.960
2180.12;2374.55;-3.960
2185.10;2374.55;-3.960
2190.09;2374.50;-3.960
2195.07;2374.55;-3.960
2200.05;2374.50;-3.960
2205.04;2374.45;-3.960
2210.02;2374.50;-3.960
2215.01;2374.55;-3.960
2220.58;2374.30;-3.950
2225.58;2374.35;-3.950
2230.56;2374.15;-3.950
2235.55;2374.05;-3.950
2240.53;2374.20;-3.950
2245.51;2374.05;-3.950
2250.49;2374.00;-3.950
2255.49;2374.00;-3.950
2260.46;2373.70;-3.940
2265.44;2373.85;-3.950
2270.43;2373.95;-3.950
2275.41;2373.70;-3.940
2280.40;2374.05;-3.950
2285.39;2373.65;-3.940
2290.37;2373.65;-3.940
2295.36;2373.85;-3.950
2300.34;2373.80;-3.940
2305.33;2373.80;-3.940
2310.31;2373.75;-3.940
2315.30;2373.50;-3.940
2320.28;2373.50;-3.940
2325.27;2373.60;-3.940
2330.25;2373.60;-3.940
2335.23;2373.60;-3.940
2340.22;2373.50;-3.940
2345.20;2373.45;-3.940
2350.18;2373.35;-3.940
2355.17;2373.45;-3.940
2360.16;2373.50;-3.940
2365.15;2373.35;-3.940
2370.13;2373.45;-3.940
2375.11;2373.45;-3.940
2380.10;2373.45;-3.940
2385.08;2373.50;-3.940
2390.06;2373.50;-3.940
2395.04;2373.45;-3.940
2400.03;2373.15;-3.930
2405.01;2373.10;-3.930
2410.00;2373.25;-3.930
2415.27;2373.10;-3.930
2420.25;2373.00;-3.930
2425.24;2372.95;-3.930
2430.22;2372.85;-3.930
2435.20;2372.90;-3.930
2440.19;2373.10;-3.930
2445.17;2372.95;-3.930
2450.17;2372.70;-3.930
2455.14;2372.85;-3.930
2460.07;2372.80;-3.930
2465.00;2372.80;-3.930
2470.21;2372.75;-3.930
2475.20;2372.85;-3.930
2480.18;2372.90;-3.930
2485.17;2372.80;-3.930
2490.16;2372.55;-3.920
2495.12;2372.70;-3.930
2500.06;2372.70;-3.930
2505.05;2372.70;-3.930
2510.03;2372.60;-3.920
2515.01;2372.75;-3.930
2520.60;2372.80;-3.930
2525.58;2372.60;-3.920
2530.56;2372.86;-3.930
2535.56;2372.73;-3.928
2540.54;2372.77;-3.928
2545.52;2372.94;-3.930
2550.51;2372.74;-3.930
2555.50;2372.70;-3.928
2560.47;2372.66;-3.922
2565.45;2372.64;-3.922
2570.44;2372.73;-3.930
2575.42;2372.74;-3.930
2580.41;2372.82;-3.930
2585.39;2372.90;-3.930
2590.38;2372.82;-3.930
2595.36;2372.69;-3.928
2600.35;2373.01;-3.930
2605.34;2372.82;-3.930
2610.31;2372.79;-3.930
2615.31;2372.76;-3.930
2620.29;2373.10;-3.930
2625.27;2372.91;-3.930
2630.26;2372.89;-3.930
2635.24;2372.81;-3.930
2640.23;2373.02;-3.930
2645.21;2372.83;-3.930
2650.19;2372.84;-3.930
2655.18;2372.97;-3.930
2660.17;2372.80;-3.930
2665.15;2373.03;-3.930
2670.13;2372.96;-3.930
2675.11;2373.22;-3.938
2680.09;2372.93;-3.930
2685.07;2372.78;-3.930
2690.06;2373.02;-3.930
2695.06;2373.14;-3.930
2700.04;2372.99;-3.930
2705.02;2373.02;-3.930
2710.00;2373.09;-3.930
2715.26;2372.60;-3.920
2720.25;2373.10;-3.930
2725.23;2372.95;-3.930
2730.23;2372.90;-3.930
2735.20;2372.85;-3.930
2740.20;2372.75;-3.930
2745.18;2372.70;-3.930
2750.17;2372.70;-3.930
2755.15;2372.70;-3.930
2760.13;2372.60;-3.920
2765.11;2372.65;-3.920
2770.10;2372.80;-3.930
2775.08;2372.70;-3.930
2780.06;2372.85;-3.930
2785.04;2372.95;-3.930
2790.03;2372.65;-3.920
2795.01;2372.85;-3.930
2800.01;2372.90;-3.930
2805.59;2372.87;-3.930
2810.57;2372.84;-3.930
2815.56;2372.89;-3.930
2820.54;2372.68;-3.926
2825.52;2372.80;-3.930
2830.51;2372.83;-3.930
2835.48;2372.76;-3.930
2840.47;2372.79;-3.930
2845.46;2372.81;-3.930
2850.44;2372.77;-3.926
2855.43;2372.71;-3.926
2860.40;2372.79;-3.930
2865.40;2372.76;-3.930
2870.37;2372.72;-3.930
2875.35;2372.68;-3.926
2880.34;2372.69;-3.924
2885.34;2372.68;-3.926
2890.31;2372.69;-3.924
2895.30;2372.64;-3.924
2900.27;2372.53;-3.920
2905.27;2372.58;-3.920
2910.24;2372.62;-3.920
2915.24;2372.63;-3.924
2920.22;2372.59;-3.920
2925.20;2372.42;-3.920
2930.19;2372.33;-3.920
2935.18;2372.56;-3.920
2940.16;2372.45;-3.920
2945.14;2372.37;-3.920
2950.12;2372.42;-3.920
2955.11;2372.42;-3.920
2960.09;2372.44;-3.920
2965.07;2372.40;-3.920
2970.05;2372.39;-3.920
2975.04;2372.29;-3.920
2980.02;2372.22;-3.920
2985.00;2372.29;-3.920
2990.00;2372.24;-3.920
2995.26;2372.10;-3.920
3000.24;2372.00;-3.910
3005.24;2372.05;-3.910
3010.21;2372.00;-3.910
3015.20;2372.05;-3.910
3020.18;2372.15;-3.920
3025.18;2372.25;-3.920
3030.16;2372.25;-3.920
3035.13;2372.00;-3.910
3040.11;2372.35;-3.920
3045.09;2372.00;-3.910
3050.09;2372.25;-3.920
3055.08;2371.95;-3.910
3060.06;2372.15;-3.920
3065.04;2371.95;-3.910
3070.03;2372.10;-3.920
3075.01;2371.95;-3.910
3080.28;2371.90;-3.910
3085.26;2372.05;-3.910
3090.25;2371.85;-3.910
3095.23;2371.85;-3.910
3100.22;2372.10;-3.920
3105.20;2371.85;-3.910
3110.17;2371.80;-3.910
3115.17;2371.85;-3.910
3120.16;2371.80;-3.910
3125.14;2371.80;-3.910
3130.12;2371.90;-3.910
3135.10;2371.70;-3.910
3140.08;2371.75;-3.910
3145.06;2371.70;-3.910
3150.05;2371.80;-3.910
3155.03;2371.75;-3.910
3160.01;2371.55;-3.910
3165.60;2371.65;-3.910
3170.60;2371.80;-3.910
3175.58;2371.65;-3.910
3180.56;2371.75;-3.910
3185.54;2371.75;-3.910
3190.53;2371.80;-3.910
3195.51;2371.70;-3.910
3200.50;2371.40;-3.900
3205.47;2371.55;-3.910
3210.47;2371.60;-3.910
3215.44;2371.55;-3.910
3220.43;2371.55;-3.910
3225.41;2371.70;-3.910
3230.39;2371.45;-3.900
3235.38;2371.50;-3.900
3240.37;2371.60;-3.910
3245.35;2371.60;-3.910
3250.34;2371.70;-3.910
3255.32;2371.70;-3.910
3260.31;2371.55;-3.910
3265.29;2371.55;-3.910
3270.27;2371.55;-3.910
3275.26;2371.60;-3.910
3280.24;2371.50;-3.900
3285.23;2371.40;-3.900
3290.21;2371.65;-3.910
3295.19;2371.65;-3.910
3300.18;2371.60;-3.910
3305.16;2371.60;-3.910
3310.15;2371.50;-3.900
3315.13;2371.45;-3.900
3320.06;2371.59;-3.910
3325.03;2371.60;-3.910
3330.02;2371.71;-3.910
3335.01;2371.63;-3.910
3340.27;2371.55;-3.910
3345.25;2371.55;-3.910
3350.23;2371.40;-3.900
3355.22;2371.40;-3.900
3360.20;2371.35;-3.900
3365.19;2371.35;-3.900
3370.14;2371.25;-3.900
3375.10;2371.30;-3.900
3380.08;2371.60;-3.910
3385.07;2371.35;-3.900
3390.05;2371.30;-3.900
3395.03;2371.25;-3.900
3400.02;2371.30;-3.900
3405.01;2371.30;-3.900
3410.58;2371.25;-3.900
3415.56;2371.24;-3.900
3420.56;2371.19;-3.900
3425.55;2371.25;-3.900
3430.53;2371.13;-3.900
3435.51;2371.29;-3.900
3440.49;2371.08;-3.900
3445.47;2371.32;-3.900
3450.46;2371.13;-3.900
3455.45;2371.25;-3.900
3460.42;2371.14;-3.900
3465.40;2371.12;-3.900
3470.39;2371.01;-3.900
3475.37;2371.20;-3.900
3480.36;2371.38;-3.900
3485.34;2371.26;-3.900
3490.33;2371.19;-3.900
3495.31;2371.18;-3.900
3500.30;2371.06;-3.900
3505.28;2371.17;-3.900
3510.26;2371.12;-3.900
3515.25;2371.10;-3.900
3520.23;2371.02;-3.900
3525.21;2371.01;-3.900
3530.20;2370.92;-3.892
3535.18;2371.16;-3.900
3540.16;2371.35;-3.900
3545.16;2371.31;-3.900
3550.13;2371.23;-3.900
3555.11;2371.20;-3.900
3560.09;2371.21;-3.900
3565.08;2371.18;-3.900
3570.06;2371.00;-3.900
3575.06;2371.09;-3.900
3580.04;2371.04;-3.900
3585.03;2371.07;-3.900
3590.01;2370.93;-3.892
3595.27;2371.10;-3.900
3600.25;2370.90;-3.890
3605.24;2370.85;-3.890
3610.22;2370.90;-3.890
3615.20;2371.05;-3.900
3620.19;2371.10;-3.900
3625.17;2370.95;-3.890
3630.17;2371.05;-3.900
3635.15;2371.00;-3.900
3640.12;2370.80;-3.890
3645.12;2370.85;-3.890
3650.10;2371.05;-3.900
3655.08;2371.05;-3.900
3660.07;2370.95;-3.890
3665.05;2371.05;-3.900
3670.03;2371.00;-3.900
3675.01;2371.05;-3.900
3680.29;2371.10;-3.900
3685.26;2371.10;-3.900
3690.26;2370.90;-3.890
3695.22;2370.95;-3.890
3700.21;2371.00;-3.900
3705.19;2370.95;-3.890
3710.18;2370.85;-3.890
3715.18;2370.90;-3.890
3720.16;2370.80;-3.890
3725.14;2370.85;-3.890
3730.12;2371.00;-3.900
3735.11;2371.00;-3.900
3740.09;2370.85;-3.890
3745.07;2370.70;-3.890
3750.05;2370.75;-3.890
3755.04;2370.90;-3.890
3760.02;2370.90;-3.890
3765.00;2370.85;-3.890
3770.59;2370.79;-3.890
3775.57;2370.74;-3.890
3780.55;2370.74;-3.890
3785.53;2370.62;-3.890
3790.53;2370.81;-3.890
3795.51;2370.78;-3.890
3800.49;2370.54;-3.890
3805.48;2370.68;-3.890
3810.46;2370.81;-3.890
3815.44;2370.80;-3.890
3820.43;2370.64;-3.890
3825.41;2370.60;-3.890
3830.40;2370.68;-3.890
3835.39;2370.58;-3.890
3840.36;2370.84;-3.890
3845.34;2370.49;-3.890
3850.33;2370.72;-3.890
3855.31;2370.84;-3.890
3860.30;2370.69;-3.890
3865.28;2370.67;-3.890
3870.27;2370.67;-3.890
3875.25;2370.64;-3.890
3880.23;2370.74;-3.890
3885.22;2370.67;-3.890
3890.20;2370.64;-3.890
3895.18;2370.41;-3.882
3900.12;2370.67;-3.890
3905.10;2370.72;-3.890
3910.08;2370.72;-3.890
3915.07;2370.84;-3.890
3920.05;2370.63;-3.890
3925.03;2370.51;-3.890
3930.01;2370.56;-3.890
3935.01;2370.49;-3.890
3940.27;2370.70;-3.890
3945.26;2370.80;-3.890
3950.23;2370.45;-3.890
3955.22;2370.25;-3.880
3960.21;2370.60;-3.890
3965.19;2370.65;-3.890
3970.18;2370.65;-3.890
3975.16;2370.35;-3.880
3980.15;2370.30;-3.880
3985.13;2370.75;-3.890
3990.11;2370.60;-3.890
3995.09;2370.55;-3.890
4000.07;2370.70;-3.890
4005.05;2370.50;-3.890
4010.04;2370.55;-3.890
4015.02;2370.60;-3.890
4020.00;2370.25;-3.880
4025.59;2370.38;-3.888
4030.58;2370.24;-3.880
4035.56;2370.37;-3.882
4040.55;2370.22;-3.880
4045.53;2370.38;-3.888
4050.52;2370.51;-3.888
4055.49;2370.46;-3.890
4060.48;2370.26;-3.880
4065.47;2370.19;-3.880
4070.45;2370.32;-3.880
4075.43;2370.28;-3.882
4080.41;2370.28;-3.882
4085.40;2370.39;-3.888
4090.38;2370.36;-3.882
4095.36;2370.26;-3.880
4100.35;2370.22;-3.880
4105.33;2370.39;-3.888
4110.33;2370.34;-3.882
4115.30;2370.22;-3.880
4120.28;2370.35;-3.880
4125.27;2370.38;-3.888
4130.25;2370.38;-3.882
4135.24;2370.34;-3.882
4140.22;2370.34;-3.880
4145.20;2370.19;-3.880
4150.19;2370.41;-3.888
4155.17;2370.31;-3.880
4160.16;2370.21;-3.880
4165.15;2370.17;-3.880
4170.12;2370.44;-3.890
4175.10;2370.22;-3.880
4180.10;2370.23;-3.880
4185.08;2370.16;-3.880
4190.07;2370.35;-3.880
4195.05;2370.31;-3.880
4200.03;2370.16;-3.880
4205.01;2370.27;-3.880
4210.29;2370.30;-3.880
4215.26;2370.40;-3.890
4220.24;2370.05;-3.880
4225.22;2370.15;-3.880
4230.21;2370.10;-3.880
4235.21;2370.35;-3.880
4240.17;2370.25;-3.880
4245.17;2370.10;-3.880
4250.16;2370.00;-3.880
4255.14;2369.75;-3.870
4260.12;2370.05;-3.880
4265.11;2370.00;-3.880
4270.05;2370.15;-3.880
4275.02;2369.95;-3.880
4280.00;2370.00;-3.880
4285.27;2369.80;-3.870
4290.25;2370.00;-3.880
4295.23;2370.00;-3.880
4300.21;2369.80;-3.870
4305.20;2369.70;-3.870
4310.18;2369.95;-3.880
4315.16;2369.85;-3.880
4320.16;2370.15;-3.880
4325.14;2369.90;-3.880
4330.11;2369.85;-3.880
4335.10;2370.00;-3.880
4340.08;2369.95;-3.880
4345.06;2369.95;-3.880
4350.04;2369.95;-3.880
4355.03;2370.00;-3.880
4360.03;2369.80;-3.870
4365.01;2369.80;-3.870
4370.59;2369.72;-3.874
4375.57;2369.75;-3.874
4380.56;2369.94;-3.880
4385.54;2369.68;-3.870
4390.52;2369.66;-3.870
4395.50;2369.76;-3.874
4400.49;2369.79;-3.874
4405.48;2369.99;-3.880
4410.46;2369.82;-3.874
4415.45;2369.81;-3.874
4420.43;2369.69;-3.870
4425.42;2369.87;-3.880
4430.40;2369.69;-3.870
4435.37;2369.80;-3.870
4440.37;2369.71;-3.870
4445.35;2369.84;-3.876
4450.34;2370.03;-3.880
4455.32;2369.90;-3.880
4460.30;2370.00;-3.880
4465.29;2370.10;-3.880
4470.27;2370.07;-3.880
4475.25;2370.08;-3.880
4480.23;2370.12;-3.880
4485.22;2370.02;-3.880
4490.21;2369.88;-3.880
4495.19;2369.71;-3.870
4500.17;2369.78;-3.874
4505.16;2369.80;-3.870
4510.15;2369.94;-3.880
4515.12;2369.80;-3.870
4520.11;2369.76;-3.870
4525.09;2369.69;-3.870
4530.07;2369.70;-3.870
4535.05;2369.81;-3.874
4540.04;2369.66;-3.870
4545.04;2369.53;-3.870
4550.02;2369.79;-3.876
4555.00;2369.60;-3.870
4560.27;2369.45;-3.870
4565.24;2369.35;-3.870
4570.23;2369.65;-3.870
4575.21;2369.45;-3.870
4580.19;2369.45;-3.870
4585.18;2369.50;-3.870
4590.18;2369.25;-3.870
4595.16;2369.50;-3.870
4600.13;2369.45;-3.870
4605.11;2369.50;-3.870
4610.11;2369.25;-3.870
4615.09;2369.30;-3.870
4620.08;2369.45;-3.870
4625.06;2369.55;-3.870
4630.04;2369.35;-3.870
4635.02;2369.50;-3.870
4640.01;2369.55;-3.870
4645.59;2369.41;-3.870
4650.57;2369.59;-3.870
4655.56;2369.45;-3.870
4660.54;2369.52;-3.870
4665.54;2369.50;-3.870
4670.52;2369.33;-3.870
4675.50;2369.38;-3.870
4680.48;2369.43;-3.870
4685.46;2369.55;-3.870
4690.45;2369.47;-3.870
4695.44;2369.47;-3.870
4700.42;2369.23;-3.862
4705.40;2369.28;-3.868
4710.39;2369.53;-3.870
4715.37;2369.55;-3.870
4720.35;2369.28;-3.870
4725.33;2369.27;-3.870
4730.32;2369.10;-3.860
4735.30;2369.10;-3.860
4740.29;2369.25;-3.870
4745.28;2369.26;-3.870
4750.25;2369.14;-3.862
4755.24;2369.19;-3.860
4760.22;2369.21;-3.862
4765.21;2369.10;-3.862
4770.19;2369.08;-3.860
4775.17;2369.02;-3.860
4780.17;2369.16;-3.860
4785.15;2369.13;-3.862
4790.14;2369.03;-3.860
4795.12;2368.91;-3.860
4800.10;2369.29;-3.870
4805.09;2369.11;-3.860
4810.07;2369.04;-3.860
4815.05;2369.07;-3.860
4820.03;2369.09;-3.860
4825.02;2369.22;-3.862
4830.01;2369.24;-3.868
4835.27;2369.10;-3.860
4840.26;2369.20;-3.860
4845.24;2369.45;-3.870
4850.23;2369.30;-3.870
4855.21;2369.10;-3.860
4860.19;2369.10;-3.860
4865.18;2369.40;-3.870
4870.17;2369.20;-3.860
4875.15;2369.15;-3.860
4880.13;2369.10;-3.860
4885.11;2369.10;-3.860
4890.09;2369.00;-3.860
4895.07;2369.05;-3.860
4900.06;2369.15;-3.860
4905.04;2369.10;-3.860
4910.04;2368.90;-3.860
4915.02;2369.00;-3.860
4920.00;2369.35;-3.870
4925.26;2369.00;-3.860
4930.25;2369.15;-3.860
4935.23;2369.10;-3.860
4940.21;2369.15;-3.860
4945.20;2368.85;-3.860
4950.18;2369.00;-3.860
4955.17;2369.05;-3.860
4960.16;2369.05;-3.860
4965.15;2369.00;-3.860
4970.13;2368.90;-3.860
4975.10;2369.05;-3.860
4980.10;2368.80;-3.860
4985.08;2369.20;-3.860
4990.06;2368.95;-3.860
4995.05;2369.00;-3.860
5000.03;2368.90;-3.860
5005.01;2369.10;-3.860
5010.59;2368.96;-3.860
5015.58;2369.01;-3.860
5020.56;2369.06;-3.860
5025.54;2368.98;-3.860
5030.52;2369.16;-3.860
5035.51;2369.00;-3.860
5040.50;2369.05;-3.860
5045.49;2368.94;-3.860
5050.47;2369.07;-3.860
5055.45;2369.16;-3.860
5060.44;2368.94;-3.860
5065.42;2368.98;-3.860
5070.40;2369.21;-3.868
5075.39;2368.99;-3.860
5080.37;2369.16;-3.860
5085.35;2369.06;-3.860
5090.33;2368.95;-3.860
5095.32;2368.84;-3.860
5100.31;2368.87;-3.860
5105.29;2368.80;-3.860
5110.27;2368.89;-3.860
5115.26;2368.82;-3.860
5120.24;2368.88;-3.860
5125.23;2368.66;-3.852
5130.21;2368.86;-3.860
5135.19;2368.53;-3.850
5140.17;2368.99;-3.860
5145.17;2368.95;-3.860
5150.15;2368.81;-3.858
5155.13;2368.70;-3.852
5160.11;2368.86;-3.860
5165.09;2368.67;-3.852
5170.06;2368.71;-3.856
5175.00;2368.82;-3.860
5180.28;2368.65;-3.850
5185.26;2368.60;-3.850
5190.25;2368.85;-3.860
5195.22;2368.80;-3.860
5200.21;2368.50;-3.850
5205.20;2368.55;-3.850
5210.18;2368.60;-3.850
5215.17;2368.20;-3.850
5220.16;2368.65;-3.850
5225.14;2368.60;-3.850
5230.12;2368.55;-3.850
5235.10;2368.60;-3.850
5240.08;2368.50;-3.850
5245.06;2368.60;-3.850
5250.05;2368.40;-3.850
5255.03;2368.45;-3.850
5260.03;2368.55;-3.850
5265.01;2368.45;-3.850
5270.59;2368.39;-3.850
5275.58;2368.29;-3.850
5280.56;2368.23;-3.850
5285.54;2368.55;-3.850
5290.52;2368.52;-3.850
5295.51;2368.50;-3.850
5300.50;2368.39;-3.850
5305.47;2368.67;-3.858
5310.46;2368.34;-3.850
5315.45;2368.46;-3.850
5320.43;2368.49;-3.850
5325.42;2368.50;-3.850
5330.40;2368.48;-3.850
5335.39;2368.52;-3.850
5340.37;2368.56;-3.850
5345.34;2368.31;-3.850
5350.34;2368.35;-3.850
5355.31;2368.36;-3.850
5360.31;2368.28;-3.850
5365.29;2368.51;-3.850
5370.27;2368.52;-3.850
5375.26;2368.31;-3.850
5380.24;2368.29;-3.850
5385.23;2368.29;-3.850
5390.21;2368.32;-3.850
5395.19;2368.46;-3.850
5400.17;2368.31;-3.850
5405.16;2368.33;-3.850
5410.15;2368.37;-3.850
5415.12;2368.51;-3.850
5420.11;2368.36;-3.850
5425.09;2368.42;-3.850
5430.07;2368.28;-3.850
5435.06;2368.42;-3.850
5440.04;2368.30;-3.850
5445.04;2368.19;-3.850
5450.02;2368.26;-3.850
5455.00;2368.43;-3.850
5460.27;2368.40;-3.850
5465.25;2368.50;-3.850
5470.23;2368.20;-3.850
5475.21;2368.25;-3.850
5480.20;2368.30;-3.850
5485.18;2368.50;-3.850
5490.18;2368.35;-3.850
5495.16;2368.35;-3.850
5500.15;2368.45;-3.850
5505.13;2368.30;-3.850
5510.11;2368.30;-3.850
5515.10;2368.30;-3.850
5520.08;2368.20;-3.850
5525.06;2368.55;-3.850
5530.04;2368.50;-3.850
5535.03;2368.25;-3.850
5540.01;2368.25;-3.850
5545.28;2368.50;-3.850
5550.27;2368.55;-3.850
5555.25;2368.50;-3.850
5560.23;2368.55;-3.850
5565.22;2368.50;-3.850
5570.20;2368.40;-3.850
5575.19;2368.50;-3.850
5580.17;2368.50;-3.850
5585.16;2368.35;-3.850
5590.15;2368.15;-3.850
5595.12;2368.30;-3.850
5600.12;2368.40;-3.850
5605.10;2368.45;-3.850
5610.08;2368.70;-3.860
5615.07;2368.80;-3.860
5620.05;2368.80;-3.860
5625.03;2368.80;-3.860
5630.01;2369.05;-3.860
5635.01;2369.05;-3.860
5640.58;2369.02;-3.860
5645.56;2368.95;-3.860
5650.56;2368.87;-3.860
5655.54;2369.09;-3.862
5660.53;2369.09;-3.860
5665.51;2368.98;-3.860
5670.49;2369.12;-3.860
5675.47;2369.03;-3.860
5680.46;2369.25;-3.870
5685.44;2369.37;-3.870
5690.43;2369.34;-3.868
5695.41;2369.18;-3.862
5700.40;2369.21;-3.868
5705.39;2369.17;-3.860
5710.37;2369.29;-3.870
5715.36;2369.26;-3.870
5720.34;2369.09;-3.860
5725.31;2369.15;-3.860
5730.31;2369.31;-3.870
5735.29;2369.23;-3.868
5740.27;2368.98;-3.860
5745.26;2369.00;-3.860
5750.24;2368.96;-3.860
5755.23;2369.07;-3.860
5760.21;2369.00;-3.860
5765.19;2369.07;-3.860
5770.18;2368.93;-3.860
5775.17;2368.69;-3.858
5780.16;2368.86;-3.860
5785.13;2368.96;-3.860
5790.11;2368.92;-3.858
5795.11;2368.81;-3.858
5800.09;2368.65;-3.850
5805.08;2368.51;-3.852
5810.06;2368.88;-3.860
5815.04;2368.68;-3.852
5820.02;2368.55;-3.850
5825.00;2368.44;-3.850
5830.28;2368.60;-3.850
5835.26;2368.50;-3.850
5840.24;2368.70;-3.860
5845.23;2368.60;-3.850
5850.21;2368.70;-3.860
5855.20;2368.50;-3.850
5860.18;2368.65;-3.850
5865.17;2368.70;-3.860
5870.15;2368.50;-3.850
5875.14;2368.70;-3.860
5880.12;2368.65;-3.850
5885.10;2368.65;-3.850
5890.08;2368.60;-3.850
5895.06;2368.30;-3.850
5900.06;2368.35;-3.850
5905.04;2368.40;-3.850
5910.03;2368.60;-3.850
5915.01;2368.55;-3.850
5920.59;2368.32;-3.850
5925.58;2368.32;-3.850
5930.56;2368.44;-3.850
5935.54;2368.48;-3.850
5940.52;2368.38;-3.850
5945.52;2368.45;-3.850
5950.50;2368.51;-3.850
5955.49;2368.40;-3.850
5960.47;2368.24;-3.850
5965.44;2368.30;-3.850
5970.44;2368.26;-3.850
5975.42;2368.42;-3.850
5980.40;2368.49;-3.850
5985.39;2368.54;-3.850
5990.38;2368.30;-3.850
5995.35;2368.34;-3.850
6000.35;2368.27;-3.850
6005.32;2368.45;-3.850
6010.31;2368.57;-3.856
6015.29;2368.40;-3.850
6020.27;2368.58;-3.850
6025.27;2368.38;-3.850
6030.26;2368.23;-3.850
6035.23;2368.30;-3.850
6040.22;2368.31;-3.850
6045.21;2368.35;-3.850
6050.19;2368.43;-3.850
6055.17;2368.22;-3.850
6060.16;2368.05;-3.850
6065.15;2368.27;-3.850
6070.12;2368.39;-3.850
6075.06;2368.38;-3.850
6080.04;2368.30;-3.850
6085.02;2368.27;-3.850
6090.00;2368.56;-3.850
6095.28;2368.50;-3.850
6100.26;2368.55;-3.850
6105.24;2368.35;-3.850
6110.23;2368.35;-3.850
6115.21;2368.25;-3.850
6120.20;2368.30;-3.850
6125.18;2368.35;-3.850
6130.17;2369.10;-3.860
6135.16;2368.85;-3.860
6140.15;2368.35;-3.850
6145.11;2368.50;-3.850
6150.11;2368.50;-3.850
6155.10;2368.35;-3.850
6160.08;2368.40;-3.850
6165.06;2368.50;-3.850
6170.04;2368.45;-3.850
6175.03;2368.30;-3.850
6180.01;2368.25;-3.850
6185.01;2368.40;-3.850
6190.27;2368.45;-3.850
6195.25;2368.60;-3.850
6200.24;2368.35;-3.850
6205.22;2368.45;-3.850
6210.20;2368.35;-3.850
6215.19;2368.30;-3.850
6220.17;2368.50;-3.850
6225.17;2368.30;-3.850
6230.16;2368.40;-3.850
6235.14;2368.35;-3.850
6240.12;2368.20;-3.850
6245.10;2368.20;-3.850
6250.08;2368.50;-3.850
6255.07;2368.30;-3.850
6260.06;2368.40;-3.850
6265.05;2368.20;-3.850
6270.03;2368.35;-3.850
6275.01;2368.25;-3.850
6280.60;2368.43;-3.850
6285.58;2368.27;-3.850
6290.56;2368.48;-3.850
6295.54;2368.51;-3.850
6300.54;2368.43;-3.850
6305.53;2368.38;-3.850
6310.51;2368.39;-3.850
6315.49;2368.45;-3.850
6320.47;2368.50;-3.850
6325.46;2368.63;-3.858
6330.44;2368.42;-3.850
6335.43;2368.33;-3.850
6340.42;2368.41;-3.850
6345.40;2368.29;-3.850
6350.39;2368.50;-3.850
6355.37;2368.53;-3.850
6360.36;2368.45;-3.850
6365.34;2368.41;-3.850
6370.33;2368.39;-3.850
6375.31;2368.49;-3.850
6380.30;2368.39;-3.850
6385.28;2368.60;-3.850
6390.26;2368.29;-3.852
6395.24;2368.50;-3.850
6400.23;2368.47;-3.850
6405.22;2368.33;-3.850
6410.19;2368.48;-3.850
6415.19;2368.43;-3.850
6420.18;2368.54;-3.852
6425.16;2368.68;-3.860
6430.15;2368.67;-3.860
6435.13;2368.70;-3.858
6440.11;2368.54;-3.850
6445.09;2368.59;-3.850
6450.08;2368.33;-3.850
6455.07;2368.45;-3.850
6460.06;2368.60;-3.852
6465.04;2368.51;-3.850
6470.02;2368.43;-3.850
6475.00;2368.20;-3.850
6480.28;2368.40;-3.850
6485.25;2368.45;-3.850
6490.25;2368.60;-3.850
6495.23;2368.40;-3.850
6500.21;2368.45;-3.850
6505.20;2368.60;-3.850
6510.18;2368.70;-3.860
6515.17;2368.65;-3.860
6520.16;2368.60;-3.850
6525.15;2368.65;-3.860
6530.12;2368.75;-3.860
6535.12;2368.70;-3.860
6540.10;2368.60;-3.850
6545.08;2368.75;-3.860
6550.06;2368.80;-3.860
6555.05;2368.70;-3.860
6560.03;2368.55;-3.850
6565.01;2368.80;-3.860
6570.00;2368.90;-3.860
6575.58;2368.85;-3.860
6580.58;2368.68;-3.860
6585.56;2368.72;-3.860
6590.54;2368.83;-3.860
6595.52;2368.91;-3.860
6600.51;2368.83;-3.860
6605.50;2368.65;-3.860
6610.48;2368.63;-3.854
6615.47;2368.80;-3.860
6620.45;2368.63;-3.854
6625.43;2368.72;-3.856
6630.42;2368.77;-3.860
6635.41;2368.75;-3.860
6640.38;2368.75;-3.860
6645.38;2368.79;-3.860
6650.35;2368.82;-3.860
6655.35;2368.89;-3.860
6660.32;2368.67;-3.860
6665.30;2368.73;-3.860
6670.29;2368.64;-3.854
6675.29;2368.71;-3.860
6680.27;2368.64;-3.854
6685.26;2368.58;-3.850
6690.24;2368.62;-3.854
6695.22;2368.85;-3.860
6700.21;2368.67;-3.860
6705.19;2368.76;-3.860
6710.17;2368.82;-3.860
6715.17;2368.64;-3.854
6720.15;2368.90;-3.860
6725.12;2368.88;-3.860
6730.12;2368.81;-3.860
6735.10;2368.82;-3.860
6740.09;2368.99;-3.860
6745.07;2368.75;-3.860
6750.05;2368.89;-3.860
6755.04;2368.86;-3.860
6760.02;2368.83;-3.860
6765.02;2368.87;-3.860
6770.00;2369.29;-3.866
6775.21;2368.90;-3.860
6780.14;2368.80;-3.860
6785.12;2368.80;-3.860
6790.10;2368.85;-3.860
6795.08;2368.65;-3.860
6800.08;2372.85;-3.930
6805.01;2368.81;-3.860
6810.28;2368.70;-3.860
6815.26;2368.60;-3.850
6820.19;2368.35;-3.850
6825.18;2369.10;-3.860
6830.16;2368.80;-3.860
6835.15;2368.95;-3.860
6840.13;2368.80;-3.860
6845.12;2368.85;-3.860
6850.10;2368.05;-3.850
6855.09;2368.75;-3.860
6860.07;2369.00;-3.860
6865.06;2368.90;-3.860
6870.04;2368.85;-3.860
6875.03;2368.80;-3.860
6880.01;2368.95;-3.860
6885.60;2368.98;-3.860
6890.58;2369.19;-3.868
6895.57;2369.09;-3.860
6900.55;2369.23;-3.868
6905.54;2369.12;-3.860
6910.52;2369.04;-3.860
6915.51;2369.04;-3.860
6920.49;2369.02;-3.860
6925.48;2368.91;-3.860
6930.12;2368.90;-3.860
6935.08;2368.75;-3.860
6940.06;2368.70;-3.860
6945.05;2368.90;-3.860
6950.03;2368.95;-3.860
6955.02;2368.90;-3.860
6960.60;2368.85;-3.860
6965.58;2369.00;-3.860
6970.57;2369.00;-3.860
6975.56;2369.05;-3.860
